   ID     BETA

   1277   0.875942038922      CHARLES W. MORSE
   0414   0.787207468457      JAMES STILLMAN
   0268   0.584848661687      GEORGE F. BAKER
   0343   0.517496899755      AUGUSTUS D. JUILLIARD
   0843   0.497094757095      AUGUST BELMONT
   1473   0.419735956052      ALEXANDER E. ORR
   0278   0.416552936311      W. EMLEN ROOSEVELT
   1517   0.408602971103      WILLIAM ROCKEFELLER
   0316   0.390349972608      CHARLES T. BARNEY
   0485   0.374603174603      WILLIAM A. NASH
   0212   0.346117698091      JAMES H. HYDE
   0274   0.345702027960
   0712   0.345405982906
   0401   0.335686304436
   0341   0.335238835239
   0336   0.330577706893
   0250   0.327016447605
   0272   0.311748457164
   0342   0.311279461279
   0279   0.306688706338
   1065   0.298730158730
   0226   0.298498650472
   0399   0.297244373560
   0697   0.295266745925
   0422   0.294695071011
   1076   0.289518930726
   1384   0.287354497354
   0646   0.283841110157
   0240   0.277946127946
   0687   0.274101307190
   1172   0.271367521368
   0281   0.271100427350
   0890   0.269934640523
   0345   0.258831908832
   0390   0.258823529412
   0388   0.258823529412
   0565   0.258823529412
   0276   0.257258064516
   0659   0.252301790281
   0292   0.247354497354
   0775   0.247266139657
   0812   0.246932773109
   1138   0.244826745835
   0352   0.237637362637
   0330   0.234466484116
   0266   0.233585858586
   0301   0.233333333333
   0262   0.232478632479
   0719   0.232258064516
   0402   0.231798245614
   0413   0.230158730159
   1612   0.229166666667
   0392   0.227777777778
   1597   0.226242690058
   1836   0.225964912281
   2064   0.225649350649
   0660   0.224562916954
   1339   0.222782290174
   0436   0.220891533871
   0803   0.219739168877
   1022   0.219298245614
   0273   0.216093117409
   0871   0.213822751323
   1499   0.212415936554
   0717   0.212386269644
   1794   0.212232620321
   0647   0.212174399674
   0244   0.211570782159
   0429   0.210720651897
   0507   0.210256410256
   1146   0.209341397849
   1114   0.209325396825
   1209   0.209172932331
   0622   0.208942577031
   0484   0.206045751634
   0564   0.204193899782
   0513   0.203846153846
   0661   0.202871148459
   0538   0.202380952381
   0912   0.201010101010
   0383   0.200654186795
   0391   0.200000000000
   0389   0.200000000000
   0387   0.200000000000
   0234   0.200000000000
   0233   0.200000000000
   0232   0.200000000000
   0231   0.200000000000
   0230   0.200000000000
   0881   0.200000000000
   0497   0.199867374005
   0608   0.199558725875
   1181   0.198717948718
   0674   0.195454545455
   0645   0.193589743590
   0382   0.192592592593
   1180   0.192524580682
   1310   0.191305683564
   1505   0.191239316239
   0934   0.191159717476
   1323   0.190909090909
   0220   0.190160229634
   0735   0.189044289044
   0648   0.188378185282
   0275   0.188095238095
   1388   0.187500000000
   0355   0.187500000000
   0862   0.186215538847
   1733   0.185964912281
   0662   0.184877622378
   0813   0.184841269841
   1184   0.184656084656
   1067   0.183333333333
   0269   0.183333333333
   0412   0.182539682540
   0825   0.181089743590
   1201   0.180577706893
   0539   0.179761904762
   1317   0.178571428571
   1050   0.177871148459
   1943   0.177777777778
   0827   0.177631578947
   0619   0.177173703489
   0832   0.176923076923
   1043   0.176406926407
   0628   0.176406926407
   2131   0.175432667691
   0617   0.174603174603
   2160   0.173611111111
   2159   0.173611111111
   1336   0.173611111111
   0778   0.173032916740
   0534   0.173032916740
   1036   0.172619047619
   0544   0.171918767507
   1453   0.171428571429
   1320   0.171428571429
   0498   0.170401337793
   1735   0.169934640523
   1747   0.169642857143
   1203   0.169612794613
   1202   0.169612794613
   1195   0.169612794613
   0633   0.169612794613
   0297   0.169298245614
   1092   0.169166666667
   1149   0.169047619048
   1183   0.168073593074
   0459   0.168055555556
   0446   0.168020385412
   0591   0.168016194332
   1729   0.167989417989
   1547   0.167381225955
   2396   0.166666666667
   2395   0.166666666667
   2394   0.166666666667
   2393   0.166666666667
   2392   0.166666666667
   2391   0.166666666667
   1021   0.166666666667
   1020   0.166666666667
   1019   0.166666666667
   1018   0.166666666667
   1017   0.166666666667
   0569   0.166666666667
   0457   0.166666666667
   0378   0.165674603175
   0344   0.164502164502
   0751   0.164044289044
   0437   0.163879598662
   0325   0.163210445469
   1690   0.162990196078
   0442   0.162068004459
   0440   0.162068004459
   1824   0.161998132586
   0509   0.161405835544
   0346   0.161045943304
   1722   0.160714285714
   0447   0.160256410256
   0657   0.159259259259
   1175   0.158831908832
   1151   0.158831908832
   0983   0.158823529412
   0966   0.158823529412
   0964   0.158823529412
   0957   0.158823529412
   0955   0.158823529412
   0952   0.158823529412
   0951   0.158823529412
   0891   0.158823529412
   0889   0.158823529412
   0886   0.158823529412
   0885   0.158823529412
   0371   0.158823529412
   0600   0.157509157509
   1761   0.157393483709
   0216   0.156798245614
   0669   0.156565656566
   0506   0.156442577031
   2618   0.155555555556
   1485   0.154761904762
   1440   0.154761904762
   1436   0.154761904762
   1260   0.154761904762
   1256   0.154761904762
   1255   0.154761904762
   1254   0.154761904762
   1171   0.154761904762
   1170   0.154761904762
   1169   0.154761904762
   1168   0.154761904762
   0548   0.154761904762
   0543   0.154761904762
   0542   0.154761904762
   0525   0.154589371981
   2418   0.153409090909
   1003   0.153409090909
   0247   0.152747252747
   1449   0.152631578947
   1071   0.152631578947
   0929   0.152631578947
   0927   0.152631578947
   0713   0.152631578947
   1458   0.152421652422
   1805   0.152380952381
   0549   0.150132275132
   0653   0.150000000000
   2610   0.149732620321
   2083   0.149621212121
   1287   0.149572649573
   1995   0.148187134503
   0664   0.147954545455
   0282   0.146825396825
   2080   0.146416083916
   1068   0.145454545455
   0834   0.143887362637
   2502   0.143589743590
   1106   0.143589743590
   0806   0.143589743590
   2187   0.143540669856
   1083   0.143540669856
   1784   0.143174603175
   1208   0.142857142857
   1207   0.142857142857
   1206   0.142857142857
   1205   0.142857142857
   1734   0.142156862745
   1155   0.142156862745
   0680   0.142156862745
   0556   0.142156862745
   1186   0.141666666667
   0718   0.141666666667
   1609   0.139423076923
   2908   0.138888888889
   0224   0.138712165028
   0396   0.136805555556
   1859   0.135964912281
   1444   0.135964912281
   1434   0.135964912281
   0926   0.135964912281
   1463   0.135860566449
   1870   0.135746606335
   0649   0.135746606335
   0640   0.135746606335
   0781   0.134387351779
   1554   0.133928571429
   2035   0.133916083916
   1534   0.133333333333
   1528   0.133333333333
   1522   0.133333333333
   0333   0.133268165526
   1513   0.132759784076
   0221   0.132759784076
   2059   0.132575757576
   2056   0.132575757576
   1321   0.132258064516
   0361   0.131547619048
   0249   0.131443994602
   1075   0.131250000000
   2432   0.130952380952
   2117   0.130952380952
   1912   0.130952380952
   1812   0.130952380952
   1732   0.130952380952
   1389   0.130952380952
   1033   0.130952380952
   0819   0.130952380952
   0709   0.130952380952
   0699   0.130952380952
   0698   0.130952380952
   0696   0.130952380952
   0689   0.130952380952
   0340   0.130952380952
   2190   0.130909090909
   1276   0.130252100840
   0922   0.129554655870
   2151   0.129166666667
   1095   0.129166666667
   0947   0.129166666667
   0353   0.129166666667
   0347   0.129166666667
   1378   0.129020573747
   1504   0.128787878788
   1495   0.128787878788
   1492   0.128787878788
   0305   0.128787878788
   1204   0.127946127946
   1200   0.127946127946
   1199   0.127946127946
   1198   0.127946127946
   1197   0.127946127946
   0861   0.127871148459
   1568   0.127277327935
   0831   0.127121212121
   0499   0.126923076923
   0704   0.126811594203
   0291   0.126807403123
   1185   0.126406926407
   0327   0.125736325386
   0613   0.125582750583
   0598   0.125582750583
   1867   0.125490196078
   0989   0.125490196078
   2137   0.125396825397
   2534   0.125000000000
   2533   0.125000000000
   2532   0.125000000000
   2531   0.125000000000
   2530   0.125000000000
   2529   0.125000000000
   2528   0.125000000000
   2527   0.125000000000
   2327   0.125000000000
   2326   0.125000000000
   2325   0.125000000000
   2324   0.125000000000
   2323   0.125000000000
   2322   0.125000000000
   2321   0.125000000000
   2154   0.125000000000
   2045   0.125000000000
   2044   0.125000000000
   2043   0.125000000000
   2042   0.125000000000
   2041   0.125000000000
   2040   0.125000000000
   2039   0.125000000000
   2038   0.125000000000
   1721   0.125000000000
   0936   0.125000000000
   0935   0.125000000000
   0575   0.125000000000
   0574   0.125000000000
   0573   0.125000000000
   0572   0.125000000000
   0571   0.125000000000
   0570   0.125000000000
   0568   0.125000000000
   0277   0.125000000000
   0319   0.124850657109
   0624   0.124542124542
   1140   0.124323593074
   0332   0.123355373005
   2110   0.123333333333
   2917   0.122377622378
   2916   0.122377622378
   2915   0.122377622378
   2914   0.122377622378
   2913   0.122377622378
   2912   0.122377622378
   2911   0.122377622378
   2910   0.122377622378
   2909   0.122377622378
   1414   0.122377622378
   1107   0.122377622378
   0739   0.122377622378
   0731   0.122377622378
   0722   0.122377622378
   0445   0.122377622378
   0851   0.122222222222
   1858   0.121794871795
   1164   0.121794871795
   0601   0.121794871795
   1488   0.121428571429
   2407   0.121323529412
   2157   0.121323529412
   1687   0.121323529412
   1684   0.121323529412
   1268   0.121323529412
   1226   0.121323529412
   1224   0.121323529412
   1221   0.121323529412
   1220   0.121323529412
   0555   0.121323529412
   0219   0.120614035088
   0321   0.120603929178
   2331   0.120401337793
   1963   0.120401337793
   0439   0.120401337793
   1462   0.120370370370
   0397   0.120370370370
   0673   0.119630369630
   1152   0.119047619048
   1055   0.119047619048
   1053   0.119047619048
   1051   0.119047619048
   0629   0.119047619048
   0398   0.119047619048
   1696   0.118589743590
   0441   0.118589743590
   2280   0.118055555556
   2276   0.118055555556
   2263   0.118055555556
   1174   0.117989417989
   2382   0.117816091954
   2292   0.117647058824
   1691   0.117647058824
   1688   0.117647058824
   1420   0.117647058824
   1279   0.117647058824
   2304   0.116923076923
   0581   0.116883116883
   0576   0.116883116883
   0550   0.116883116883
   0782   0.116229583621
   1589   0.115842490842
   1470   0.115824915825
   0807   0.115384615385
   1610   0.115131578947
   1608   0.115131578947
   1606   0.115131578947
   1603   0.115131578947
   1602   0.115131578947
   0779   0.114906832298
   0774   0.114906832298
   1143   0.114583333333
   1136   0.114583333333
   2349   0.114285714286
   1779   0.114285714286
   1042   0.114285714286
   0873   0.114285714286
   0870   0.114285714286
   0866   0.114285714286
   2216   0.113960113960
   1927   0.113960113960
   1558   0.113095238095
   0579   0.113095238095
   1713   0.112637362637
   1099   0.112500000000
   1250   0.112121212121
   1243   0.112121212121
   1080   0.111455108359
   0996   0.111455108359
   2049   0.111428571429
   2046   0.111428571429
   2736   0.111111111111
   2735   0.111111111111
   2734   0.111111111111
   2733   0.111111111111
   2732   0.111111111111
   2731   0.111111111111
   2730   0.111111111111
   2729   0.111111111111
   2163   0.111111111111
   2162   0.111111111111
   2161   0.111111111111
   1338   0.111111111111
   1337   0.111111111111
   1335   0.111111111111
   1334   0.111111111111
   1333   0.111111111111
   1332   0.111111111111
   1286   0.111111111111
   1285   0.111111111111
   1284   0.111111111111
   1283   0.111111111111
   1066   0.111111111111
   1064   0.111111111111
   1063   0.111111111111
   1062   0.111111111111
   1061   0.111111111111
   1060   0.111111111111
   1059   0.111111111111
   1058   0.111111111111
   0456   0.111111111111
   0455   0.111111111111
   0454   0.111111111111
   0453   0.111111111111
   0452   0.111111111111
   0451   0.111111111111
   0450   0.111111111111
   0449   0.111111111111
   0844   0.110714285714
   2907   0.110256410256
   2332   0.110144927536
   1799   0.110119047619
   1607   0.110119047619
   0879   0.110119047619
   0421   0.110119047619
   2029   0.108823529412
   0516   0.108823529412
   2499   0.108333333333
   2352   0.108333333333
   1941   0.108333333333
   0759   0.108333333333
   0757   0.108333333333
   0755   0.108333333333
   2021   0.107954545455
   1234   0.107954545455
   0318   0.107258064516
   0295   0.107142857143
   1581   0.106443994602
   1400   0.106442577031
   1314   0.106442577031
   0992   0.106442577031
   0984   0.106442577031
   1797   0.105978260870
   0377   0.105555555556
   1350   0.105128205128
   0729   0.104278074866
   0670   0.104278074866
   0566   0.104278074866
   2760   0.104166666667
   1792   0.104166666667
   1216   0.104166666667
   0820   0.104166666667
   2215   0.103703703704
   0242   0.103703703704
   2356   0.103174603175
   0906   0.103174603175
   0381   0.103174603175
   0380   0.103174603175
   1776   0.102631578947
   2457   0.102380952381
   1383   0.102380952381
   1348   0.102380952381
   1346   0.102380952381
   0243   0.102380952381
   0235   0.102380952381
   0317   0.101553166069
   2012   0.101010101010
   0904   0.101010101010
   0384   0.101010101010
   2666   0.100961538462
   2282   0.100490196078
   2067   0.100490196078
   2057   0.100490196078
   0826   0.100490196078
   0931   0.100250626566
   0923   0.100250626566
   0416   0.100250626566
   2943   0.100000000000
   2942   0.100000000000
   2941   0.100000000000
   2940   0.100000000000
   2939   0.100000000000
   2938   0.100000000000
   2937   0.100000000000
   2936   0.100000000000
   2619   0.100000000000
   2617   0.100000000000
   2616   0.100000000000
   2098   0.100000000000
   2097   0.100000000000
   2096   0.100000000000
   2095   0.100000000000
   2094   0.100000000000
   2093   0.100000000000
   2092   0.100000000000
   2091   0.100000000000
   2090   0.100000000000
   2089   0.100000000000
   2088   0.100000000000
   2087   0.100000000000
   2086   0.100000000000
   2085   0.100000000000
   1677   0.100000000000
   1676   0.100000000000
   1675   0.100000000000
   1674   0.100000000000
   1673   0.100000000000
   1672   0.100000000000
   1671   0.100000000000
   1670   0.100000000000
   1452   0.100000000000
   1451   0.100000000000
   1450   0.100000000000
   1448   0.100000000000
   1447   0.100000000000
   1446   0.100000000000
   1322   0.100000000000
   1319   0.100000000000
   1194   0.100000000000
   1193   0.100000000000
   1192   0.100000000000
   1191   0.100000000000
   1190   0.100000000000
   1189   0.100000000000
   1188   0.100000000000
   1074   0.100000000000
   1073   0.100000000000
   1072   0.100000000000
   1070   0.100000000000
   1069   0.100000000000
   0916   0.100000000000
   0915   0.100000000000
   0914   0.100000000000
   0913   0.100000000000
   0911   0.100000000000
   0910   0.100000000000
   0909   0.100000000000
   0908   0.100000000000
   0893   0.100000000000
   0892   0.100000000000
   0888   0.100000000000
   0887   0.100000000000
   0884   0.100000000000
   0716   0.100000000000
   0715   0.100000000000
   0714   0.100000000000
   0370   0.100000000000
   0369   0.100000000000
   0368   0.100000000000
   0367   0.100000000000
   0366   0.100000000000
   0365   0.100000000000
   0364   0.100000000000
   0363   0.100000000000
   0362   0.100000000000
   0246   0.100000000000
   1232   0.099537037037
   0475   0.099145299145
   1720   0.098214285714
   0283   0.098214285714
   0921   0.098086124402
   1274   0.097285067873
   1273   0.097285067873
   0386   0.097222222222
   0772   0.096109839817
   2278   0.095555555556
   2001   0.095555555556
   1996   0.095555555556
   0847   0.095363408521
   1574   0.094758064516
   2850   0.094537815126
   2404   0.094537815126
   1714   0.094537815126
   1386   0.094537815126
   0294   0.094537815126
   2466   0.094298245614
   1087   0.094298245614
   1086   0.094298245614
   1085   0.094298245614
   0933   0.094298245614
   0223   0.094298245614
   2524   0.094017094017
   2504   0.094017094017
   0907   0.094017094017
   0460   0.093650793651
   0407   0.093650793651
   1404   0.093306288032
   1807   0.093073593074
   0248   0.092982456140
   0215   0.092631578947
   2139   0.091269841270
   0896   0.091269841270
   2677   0.091093117409
   0610   0.091093117409
   0609   0.091093117409
   0605   0.091093117409
   0594   0.091093117409
   0225   0.091093117409
   0222   0.091093117409
   0320   0.091081593928
   2795   0.090909090909
   2794   0.090909090909
   2793   0.090909090909
   2792   0.090909090909
   2791   0.090909090909
   2790   0.090909090909
   2789   0.090909090909
   2788   0.090909090909
   2787   0.090909090909
   2786   0.090909090909
   2615   0.090909090909
   2614   0.090909090909
   2613   0.090909090909
   2611   0.090909090909
   2609   0.090909090909
   2420   0.090909090909
   2419   0.090909090909
   2417   0.090909090909
   2416   0.090909090909
   2415   0.090909090909
   2414   0.090909090909
   2413   0.090909090909
   2412   0.090909090909
   2411   0.090909090909
   2193   0.090909090909
   2192   0.090909090909
   2191   0.090909090909
   2189   0.090909090909
   2188   0.090909090909
   1331   0.090909090909
   1330   0.090909090909
   1329   0.090909090909
   1328   0.090909090909
   1327   0.090909090909
   1326   0.090909090909
   1325   0.090909090909
   1324   0.090909090909
   1196   0.090909090909
   0671   0.090909090909
   2063   0.089285714286
   1788   0.089285714286
   0764   0.089285714286
   0773   0.088932806324
   0519   0.088932806324
   1891   0.088815789474
   2488   0.087619047619
   1308   0.087619047619
   0882   0.087619047619
   0733   0.087121212121
   0732   0.087121212121
   0728   0.087121212121
   0517   0.086956521739
   2776   0.086080586081
   2774   0.086080586081
   1461   0.086080586081
   0611   0.086080586081
   1759   0.085964912281
   2036   0.085714285714
   2253   0.085144927536
   1956   0.085144927536
   0472   0.084722222222
   0464   0.084722222222
   1477   0.084656084656
   0874   0.084656084656
   0510   0.084482758621
   2934   0.083333333333
   2933   0.083333333333
   2932   0.083333333333
   2931   0.083333333333
   2930   0.083333333333
   2929   0.083333333333
   2928   0.083333333333
   2927   0.083333333333
   2926   0.083333333333
   2925   0.083333333333
   2924   0.083333333333
   2706   0.083333333333
   2230   0.083333333333
   2229   0.083333333333
   2228   0.083333333333
   2227   0.083333333333
   2226   0.083333333333
   2225   0.083333333333
   2224   0.083333333333
   2223   0.083333333333
   2222   0.083333333333
   2221   0.083333333333
   2220   0.083333333333
   2219   0.083333333333
   2118   0.083333333333
   2116   0.083333333333
   2115   0.083333333333
   2114   0.083333333333
   2113   0.083333333333
   2112   0.083333333333
   2111   0.083333333333
   1919   0.083333333333
   1918   0.083333333333
   1917   0.083333333333
   1916   0.083333333333
   1915   0.083333333333
   1914   0.083333333333
   1913   0.083333333333
   1857   0.083333333333
   1856   0.083333333333
   1855   0.083333333333
   1854   0.083333333333
   1731   0.083333333333
   1730   0.083333333333
   1728   0.083333333333
   1540   0.083333333333
   1539   0.083333333333
   1538   0.083333333333
   1537   0.083333333333
   1536   0.083333333333
   1443   0.083333333333
   1442   0.083333333333
   1441   0.083333333333
   1439   0.083333333333
   1438   0.083333333333
   1437   0.083333333333
   1435   0.083333333333
   1433   0.083333333333
   1394   0.083333333333
   1393   0.083333333333
   1392   0.083333333333
   1391   0.083333333333
   1390   0.083333333333
   1387   0.083333333333
   1364   0.083333333333
   1363   0.083333333333
   1362   0.083333333333
   1361   0.083333333333
   1360   0.083333333333
   1359   0.083333333333
   1358   0.083333333333
   1357   0.083333333333
   1356   0.083333333333
   1355   0.083333333333
   1354   0.083333333333
   1353   0.083333333333
   1265   0.083333333333
   1264   0.083333333333
   1263   0.083333333333
   1262   0.083333333333
   1261   0.083333333333
   1259   0.083333333333
   1258   0.083333333333
   1257   0.083333333333
   1173   0.083333333333
   1167   0.083333333333
   1166   0.083333333333
   1165   0.083333333333
   1163   0.083333333333
   1162   0.083333333333
   1161   0.083333333333
   1160   0.083333333333
   1159   0.083333333333
   1158   0.083333333333
   1157   0.083333333333
   1156   0.083333333333
   1154   0.083333333333
   1153   0.083333333333
   1150   0.083333333333
   1148   0.083333333333
   1147   0.083333333333
   0711   0.083333333333
   0710   0.083333333333
   0708   0.083333333333
   0707   0.083333333333
   0706   0.083333333333
   0705   0.083333333333
   0703   0.083333333333
   0702   0.083333333333
   0701   0.083333333333
   0700   0.083333333333
   0695   0.083333333333
   0694   0.083333333333
   0693   0.083333333333
   0692   0.083333333333
   0691   0.083333333333
   0690   0.083333333333
   0626   0.083333333333
   0403   0.083333333333
   0400   0.083333333333
   0395   0.083333333333
   0394   0.083333333333
   0393   0.083333333333
   0339   0.083333333333
   0338   0.083333333333
   0337   0.083333333333
   0335   0.083333333333
   0271   0.083333333333
   0270   0.083333333333
   1475   0.082491582492
   0385   0.081871345029
   0818   0.081666666667
   1716   0.081168831169
   0481   0.081045751634
   1983   0.080952380952
   1179   0.080952380952
   1970   0.080515297907
   1583   0.080128205128
   0829   0.080128205128
   0822   0.080128205128
   0314   0.079877112135
   1139   0.078869047619
   0883   0.078869047619
   1981   0.078787878788
   2882   0.078703703704
   1516   0.078703703704
   0322   0.077712609971
   2255   0.077380952381
   2935   0.076923076923
   2753   0.076923076923
   2752   0.076923076923
   2751   0.076923076923
   2749   0.076923076923
   2748   0.076923076923
   2747   0.076923076923
   2745   0.076923076923
   2744   0.076923076923
   2743   0.076923076923
   2742   0.076923076923
   2741   0.076923076923
   2740   0.076923076923
   2739   0.076923076923
   2738   0.076923076923
   2737   0.076923076923
   2482   0.076923076923
   2481   0.076923076923
   2480   0.076923076923
   2479   0.076923076923
   2478   0.076923076923
   2477   0.076923076923
   2476   0.076923076923
   2431   0.076923076923
   2430   0.076923076923
   2429   0.076923076923
   2428   0.076923076923
   2427   0.076923076923
   2426   0.076923076923
   2425   0.076923076923
   2424   0.076923076923
   2423   0.076923076923
   2421   0.076923076923
   2303   0.076923076923
   2302   0.076923076923
   2301   0.076923076923
   2300   0.076923076923
   2299   0.076923076923
   2298   0.076923076923
   2297   0.076923076923
   2296   0.076923076923
   2295   0.076923076923
   2294   0.076923076923
   2150   0.076923076923
   2149   0.076923076923
   2148   0.076923076923
   2147   0.076923076923
   2146   0.076923076923
   2145   0.076923076923
   2144   0.076923076923
   2143   0.076923076923
   2142   0.076923076923
   2141   0.076923076923
   1926   0.076923076923
   1925   0.076923076923
   1924   0.076923076923
   1922   0.076923076923
   1921   0.076923076923
   1920   0.076923076923
   1853   0.076923076923
   1852   0.076923076923
   1851   0.076923076923
   1850   0.076923076923
   1849   0.076923076923
   1848   0.076923076923
   1847   0.076923076923
   0838   0.076923076923
   0837   0.076923076923
   0836   0.076923076923
   0835   0.076923076923
   0833   0.076923076923
   0811   0.076923076923
   0810   0.076923076923
   0809   0.076923076923
   0808   0.076923076923
   0805   0.076923076923
   0804   0.076923076923
   0802   0.076923076923
   0801   0.076923076923
   0800   0.076923076923
   0651   0.076923076923
   0650   0.076923076923
   0644   0.076923076923
   0643   0.076923076923
   0642   0.076923076923
   0641   0.076923076923
   0448   0.076923076923
   0444   0.076923076923
   0443   0.076923076923
   0438   0.076923076923
   0508   0.076315789474
   1511   0.076149425287
   0823   0.076149425287
   2727   0.075498575499
   2573   0.074482758621
   1787   0.073934837093
   1785   0.073934837093
   2174   0.073924731183
   1590   0.072944297082
   1584   0.072944297082
   2129   0.072751322751
   0298   0.072751322751
   0486   0.072222222222
   1586   0.071794871795
   2373   0.071428571429
   2372   0.071428571429
   2371   0.071428571429
   2369   0.071428571429
   2368   0.071428571429
   2367   0.071428571429
   2366   0.071428571429
   2365   0.071428571429
   2364   0.071428571429
   2363   0.071428571429
   2206   0.071428571429
   2205   0.071428571429
   2204   0.071428571429
   2203   0.071428571429
   2202   0.071428571429
   2201   0.071428571429
   2200   0.071428571429
   2199   0.071428571429
   2198   0.071428571429
   2197   0.071428571429
   2196   0.071428571429
   2195   0.071428571429
   2194   0.071428571429
   2051   0.071428571429
   2050   0.071428571429
   2048   0.071428571429
   2047   0.071428571429
   1754   0.071428571429
   1753   0.071428571429
   1751   0.071428571429
   1750   0.071428571429
   1748   0.071428571429
   1746   0.071428571429
   1669   0.071428571429
   1668   0.071428571429
   1667   0.071428571429
   1666   0.071428571429
   1665   0.071428571429
   1664   0.071428571429
   1663   0.071428571429
   1662   0.071428571429
   1661   0.071428571429
   1660   0.071428571429
   1659   0.071428571429
   1658   0.071428571429
   1657   0.071428571429
   1563   0.071428571429
   1562   0.071428571429
   1561   0.071428571429
   1559   0.071428571429
   1557   0.071428571429
   1556   0.071428571429
   1555   0.071428571429
   1491   0.071428571429
   1490   0.071428571429
   1489   0.071428571429
   1487   0.071428571429
   1486   0.071428571429
   1484   0.071428571429
   1483   0.071428571429
   1482   0.071428571429
   1481   0.071428571429
   1480   0.071428571429
   1479   0.071428571429
   1057   0.071428571429
   1056   0.071428571429
   1054   0.071428571429
   1052   0.071428571429
   1049   0.071428571429
   1048   0.071428571429
   1047   0.071428571429
   1046   0.071428571429
   1045   0.071428571429
   1044   0.071428571429
   0589   0.071428571429
   0588   0.071428571429
   0587   0.071428571429
   0586   0.071428571429
   0585   0.071428571429
   0584   0.071428571429
   0583   0.071428571429
   0582   0.071428571429
   0580   0.071428571429
   0578   0.071428571429
   0577   0.071428571429
   0547   0.071428571429
   0546   0.071428571429
   0545   0.071428571429
   0541   0.071428571429
   0540   0.071428571429
   0537   0.071428571429
   0415   0.071428571429
   0411   0.071428571429
   0410   0.071428571429
   0409   0.071428571429
   0408   0.071428571429
   0406   0.071428571429
   0405   0.071428571429
   0404   0.071428571429
   0852   0.069047619048
   2386   0.067982456140
   1144   0.066964285714
   1142   0.066964285714
   2898   0.066666666667
   2897   0.066666666667
   2896   0.066666666667
   2895   0.066666666667
   2894   0.066666666667
   2893   0.066666666667
   2892   0.066666666667
   2891   0.066666666667
   2890   0.066666666667
   2889   0.066666666667
   2888   0.066666666667
   2887   0.066666666667
   2608   0.066666666667
   2607   0.066666666667
   2606   0.066666666667
   2605   0.066666666667
   2604   0.066666666667
   2603   0.066666666667
   2602   0.066666666667
   2503   0.066666666667
   2501   0.066666666667
   2500   0.066666666667
   2498   0.066666666667
   2497   0.066666666667
   2496   0.066666666667
   2458   0.066666666667
   2456   0.066666666667
   2455   0.066666666667
   2454   0.066666666667
   2453   0.066666666667
   2452   0.066666666667
   2451   0.066666666667
   2450   0.066666666667
   2355   0.066666666667
   2353   0.066666666667
   2351   0.066666666667
   2348   0.066666666667
   2347   0.066666666667
   2346   0.066666666667
   2345   0.066666666667
   2344   0.066666666667
   2343   0.066666666667
   2186   0.066666666667
   2185   0.066666666667
   2184   0.066666666667
   2183   0.066666666667
   2182   0.066666666667
   2181   0.066666666667
   2180   0.066666666667
   1986   0.066666666667
   1955   0.066666666667
   1954   0.066666666667
   1953   0.066666666667
   1952   0.066666666667
   1951   0.066666666667
   1950   0.066666666667
   1949   0.066666666667
   1948   0.066666666667
   1947   0.066666666667
   1946   0.066666666667
   1945   0.066666666667
   1944   0.066666666667
   1942   0.066666666667
   1846   0.066666666667
   1845   0.066666666667
   1844   0.066666666667
   1843   0.066666666667
   1842   0.066666666667
   1841   0.066666666667
   1840   0.066666666667
   1839   0.066666666667
   1838   0.066666666667
   1837   0.066666666667
   1835   0.066666666667
   1834   0.066666666667
   1833   0.066666666667
   1832   0.066666666667
   1656   0.066666666667
   1655   0.066666666667
   1654   0.066666666667
   1653   0.066666666667
   1652   0.066666666667
   1651   0.066666666667
   1650   0.066666666667
   1649   0.066666666667
   1648   0.066666666667
   1647   0.066666666667
   1646   0.066666666667
   1645   0.066666666667
   1644   0.066666666667
   1533   0.066666666667
   1532   0.066666666667
   1531   0.066666666667
   1530   0.066666666667
   1529   0.066666666667
   1527   0.066666666667
   1526   0.066666666667
   1525   0.066666666667
   1524   0.066666666667
   1523   0.066666666667
   1521   0.066666666667
   1520   0.066666666667
   1352   0.066666666667
   1351   0.066666666667
   1349   0.066666666667
   1347   0.066666666667
   1345   0.066666666667
   1344   0.066666666667
   1343   0.066666666667
   1342   0.066666666667
   1341   0.066666666667
   1340   0.066666666667
   0799   0.066666666667
   0798   0.066666666667
   0797   0.066666666667
   0796   0.066666666667
   0795   0.066666666667
   0794   0.066666666667
   0793   0.066666666667
   0792   0.066666666667
   0791   0.066666666667
   0790   0.066666666667
   0789   0.066666666667
   0788   0.066666666667
   0787   0.066666666667
   0786   0.066666666667
   0785   0.066666666667
   0658   0.066666666667
   0656   0.066666666667
   0655   0.066666666667
   0654   0.066666666667
   0652   0.066666666667
   0245   0.066666666667
   0241   0.066666666667
   0239   0.066666666667
   0238   0.066666666667
   0237   0.066666666667
   0236   0.066666666667
   1886   0.066315789474
   1591   0.064777327935
   1585   0.064777327935
   1457   0.064777327935
   1131   0.063508064516
   2806   0.062500000000
   2805   0.062500000000
   2804   0.062500000000
   2803   0.062500000000
   2802   0.062500000000
   2801   0.062500000000
   2800   0.062500000000
   2799   0.062500000000
   2798   0.062500000000
   2797   0.062500000000
   2761   0.062500000000
   2759   0.062500000000
   2758   0.062500000000
   2757   0.062500000000
   2756   0.062500000000
   2755   0.062500000000
   2754   0.062500000000
   2696   0.062500000000
   2695   0.062500000000
   2694   0.062500000000
   2693   0.062500000000
   2692   0.062500000000
   2691   0.062500000000
   2690   0.062500000000
   2689   0.062500000000
   2688   0.062500000000
   2687   0.062500000000
   2686   0.062500000000
   2685   0.062500000000
   2684   0.062500000000
   2683   0.062500000000
   2449   0.062500000000
   2447   0.062500000000
   2446   0.062500000000
   2243   0.062500000000
   2242   0.062500000000
   2241   0.062500000000
   2240   0.062500000000
   2239   0.062500000000
   2238   0.062500000000
   2237   0.062500000000
   2236   0.062500000000
   2235   0.062500000000
   2234   0.062500000000
   2233   0.062500000000
   2232   0.062500000000
   2231   0.062500000000
   2158   0.062500000000
   2156   0.062500000000
   2155   0.062500000000
   2153   0.062500000000
   2152   0.062500000000
   1801   0.062500000000
   1800   0.062500000000
   1798   0.062500000000
   1796   0.062500000000
   1795   0.062500000000
   1793   0.062500000000
   1611   0.062500000000
   1605   0.062500000000
   1604   0.062500000000
   1601   0.062500000000
   1600   0.062500000000
   1599   0.062500000000
   1598   0.062500000000
   1576   0.062500000000
   1575   0.062500000000
   1573   0.062500000000
   1572   0.062500000000
   1571   0.062500000000
   1570   0.062500000000
   1569   0.062500000000
   1567   0.062500000000
   1566   0.062500000000
   1565   0.062500000000
   1564   0.062500000000
   1233   0.062500000000
   1231   0.062500000000
   1230   0.062500000000
   1229   0.062500000000
   1228   0.062500000000
   1227   0.062500000000
   1225   0.062500000000
   1223   0.062500000000
   1222   0.062500000000
   1219   0.062500000000
   1218   0.062500000000
   1217   0.062500000000
   1215   0.062500000000
   1214   0.062500000000
   1213   0.062500000000
   1212   0.062500000000
   1211   0.062500000000
   1210   0.062500000000
   1123   0.062500000000
   1122   0.062500000000
   1121   0.062500000000
   1120   0.062500000000
   1119   0.062500000000
   1118   0.062500000000
   1117   0.062500000000
   1116   0.062500000000
   1115   0.062500000000
   1113   0.062500000000
   1112   0.062500000000
   1111   0.062500000000
   1110   0.062500000000
   1109   0.062500000000
   1108   0.062500000000
   1105   0.062500000000
   1104   0.062500000000
   1103   0.062500000000
   1102   0.062500000000
   1101   0.062500000000
   1100   0.062500000000
   1098   0.062500000000
   1097   0.062500000000
   1096   0.062500000000
   1094   0.062500000000
   1093   0.062500000000
   1091   0.062500000000
   1016   0.062500000000
   1015   0.062500000000
   1014   0.062500000000
   1013   0.062500000000
   1012   0.062500000000
   1011   0.062500000000
   1010   0.062500000000
   1009   0.062500000000
   1008   0.062500000000
   1007   0.062500000000
   1006   0.062500000000
   1005   0.062500000000
   1004   0.062500000000
   1002   0.062500000000
   1001   0.062500000000
   0950   0.062500000000
   0949   0.062500000000
   0948   0.062500000000
   0946   0.062500000000
   0945   0.062500000000
   0944   0.062500000000
   0943   0.062500000000
   0942   0.062500000000
   0941   0.062500000000
   0940   0.062500000000
   0939   0.062500000000
   0938   0.062500000000
   0937   0.062500000000
   0360   0.062500000000
   0359   0.062500000000
   0358   0.062500000000
   0357   0.062500000000
   0356   0.062500000000
   0354   0.062500000000
   0351   0.062500000000
   0350   0.062500000000
   0349   0.062500000000
   0348   0.062500000000
   1890   0.062030075188
   2873   0.058823529412
   2872   0.058823529412
   2871   0.058823529412
   2870   0.058823529412
   2868   0.058823529412
   2867   0.058823529412
   2866   0.058823529412
   2865   0.058823529412
   2864   0.058823529412
   2862   0.058823529412
   2851   0.058823529412
   2849   0.058823529412
   2848   0.058823529412
   2847   0.058823529412
   2846   0.058823529412
   2844   0.058823529412
   2843   0.058823529412
   2842   0.058823529412
   2841   0.058823529412
   2840   0.058823529412
   2839   0.058823529412
   2838   0.058823529412
   2773   0.058823529412
   2772   0.058823529412
   2771   0.058823529412
   2770   0.058823529412
   2769   0.058823529412
   2767   0.058823529412
   2766   0.058823529412
   2764   0.058823529412
   2763   0.058823529412
   2762   0.058823529412
   2634   0.058823529412
   2633   0.058823529412
   2632   0.058823529412
   2631   0.058823529412
   2630   0.058823529412
   2629   0.058823529412
   2628   0.058823529412
   2627   0.058823529412
   2626   0.058823529412
   2625   0.058823529412
   2624   0.058823529412
   2623   0.058823529412
   2622   0.058823529412
   2621   0.058823529412
   2620   0.058823529412
   2410   0.058823529412
   2409   0.058823529412
   2408   0.058823529412
   2406   0.058823529412
   2405   0.058823529412
   2402   0.058823529412
   2401   0.058823529412
   2400   0.058823529412
   2398   0.058823529412
   2397   0.058823529412
   2293   0.058823529412
   2291   0.058823529412
   2290   0.058823529412
   2289   0.058823529412
   2288   0.058823529412
   2287   0.058823529412
   2286   0.058823529412
   2285   0.058823529412
   2284   0.058823529412
   2283   0.058823529412
   2281   0.058823529412
   1940   0.058823529412
   1939   0.058823529412
   1938   0.058823529412
   1937   0.058823529412
   1936   0.058823529412
   1935   0.058823529412
   1934   0.058823529412
   1933   0.058823529412
   1932   0.058823529412
   1931   0.058823529412
   1930   0.058823529412
   1929   0.058823529412
   1928   0.058823529412
   1873   0.058823529412
   1872   0.058823529412
   1871   0.058823529412
   1869   0.058823529412
   1868   0.058823529412
   1866   0.058823529412
   1865   0.058823529412
   1864   0.058823529412
   1863   0.058823529412
   1862   0.058823529412
   1861   0.058823529412
   1831   0.058823529412
   1830   0.058823529412
   1829   0.058823529412
   1828   0.058823529412
   1827   0.058823529412
   1825   0.058823529412
   1823   0.058823529412
   1822   0.058823529412
   1821   0.058823529412
   1820   0.058823529412
   1745   0.058823529412
   1744   0.058823529412
   1743   0.058823529412
   1742   0.058823529412
   1741   0.058823529412
   1740   0.058823529412
   1739   0.058823529412
   1738   0.058823529412
   1737   0.058823529412
   1736   0.058823529412
   1694   0.058823529412
   1693   0.058823529412
   1692   0.058823529412
   1689   0.058823529412
   1686   0.058823529412
   1685   0.058823529412
   1683   0.058823529412
   1682   0.058823529412
   1681   0.058823529412
   1680   0.058823529412
   1679   0.058823529412
   1678   0.058823529412
   1432   0.058823529412
   1431   0.058823529412
   1430   0.058823529412
   1429   0.058823529412
   1428   0.058823529412
   1427   0.058823529412
   1426   0.058823529412
   1425   0.058823529412
   1424   0.058823529412
   1423   0.058823529412
   1422   0.058823529412
   1421   0.058823529412
   1419   0.058823529412
   1418   0.058823529412
   1409   0.058823529412
   1408   0.058823529412
   1407   0.058823529412
   1406   0.058823529412
   1405   0.058823529412
   1403   0.058823529412
   1402   0.058823529412
   1401   0.058823529412
   1399   0.058823529412
   1398   0.058823529412
   1397   0.058823529412
   1396   0.058823529412
   1395   0.058823529412
   1282   0.058823529412
   1281   0.058823529412
   1280   0.058823529412
   1278   0.058823529412
   1275   0.058823529412
   1272   0.058823529412
   1271   0.058823529412
   1270   0.058823529412
   1269   0.058823529412
   1267   0.058823529412
   1266   0.058823529412
   1000   0.058823529412
   0999   0.058823529412
   0998   0.058823529412
   0997   0.058823529412
   0995   0.058823529412
   0994   0.058823529412
   0993   0.058823529412
   0991   0.058823529412
   0990   0.058823529412
   0988   0.058823529412
   0987   0.058823529412
   0986   0.058823529412
   0985   0.058823529412
   0982   0.058823529412
   0981   0.058823529412
   0980   0.058823529412
   0979   0.058823529412
   0978   0.058823529412
   0977   0.058823529412
   0976   0.058823529412
   0975   0.058823529412
   0974   0.058823529412
   0973   0.058823529412
   0972   0.058823529412
   0971   0.058823529412
   0970   0.058823529412
   0969   0.058823529412
   0968   0.058823529412
   0967   0.058823529412
   0965   0.058823529412
   0963   0.058823529412
   0962   0.058823529412
   0961   0.058823529412
   0960   0.058823529412
   0959   0.058823529412
   0958   0.058823529412
   0956   0.058823529412
   0954   0.058823529412
   0953   0.058823529412
   0688   0.058823529412
   0686   0.058823529412
   0685   0.058823529412
   0684   0.058823529412
   0683   0.058823529412
   0682   0.058823529412
   0681   0.058823529412
   0679   0.058823529412
   0678   0.058823529412
   0677   0.058823529412
   0676   0.058823529412
   0675   0.058823529412
   0567   0.058823529412
   0563   0.058823529412
   0562   0.058823529412
   0561   0.058823529412
   0560   0.058823529412
   0559   0.058823529412
   0558   0.058823529412
   0557   0.058823529412
   0554   0.058823529412
   0553   0.058823529412
   0552   0.058823529412
   0551   0.058823529412
   0487   0.057936507937
   0470   0.057936507937
   0466   0.057936507937
   2648   0.055555555556
   2647   0.055555555556
   2646   0.055555555556
   2645   0.055555555556
   2644   0.055555555556
   2642   0.055555555556
   2639   0.055555555556
   2638   0.055555555556
   2637   0.055555555556
   2635   0.055555555556
   2552   0.055555555556
   2551   0.055555555556
   2550   0.055555555556
   2549   0.055555555556
   2548   0.055555555556
   2547   0.055555555556
   2546   0.055555555556
   2545   0.055555555556
   2544   0.055555555556
   2543   0.055555555556
   2542   0.055555555556
   2541   0.055555555556
   2540   0.055555555556
   2539   0.055555555556
   2538   0.055555555556
   2537   0.055555555556
   2536   0.055555555556
   2535   0.055555555556
   2279   0.055555555556
   2275   0.055555555556
   2274   0.055555555556
   2273   0.055555555556
   2272   0.055555555556
   2271   0.055555555556
   2270   0.055555555556
   2269   0.055555555556
   2268   0.055555555556
   2267   0.055555555556
   2266   0.055555555556
   2265   0.055555555556
   2264   0.055555555556
   2138   0.055555555556
   2136   0.055555555556
   2135   0.055555555556
   2134   0.055555555556
   2133   0.055555555556
   2132   0.055555555556
   1989   0.055555555556
   0903   0.055555555556
   0902   0.055555555556
   0901   0.055555555556
   0900   0.055555555556
   0899   0.055555555556
   0898   0.055555555556
   0897   0.055555555556
   0895   0.055555555556
   0894   0.055555555556
   0458   0.055555555556
   0379   0.055555555556
   0376   0.055555555556
   0375   0.055555555556
   0374   0.055555555556
   0373   0.055555555556
   0372   0.055555555556
   0267   0.055555555556
   0265   0.055555555556
   0264   0.055555555556
   0263   0.055555555556
   0261   0.055555555556
   0260   0.055555555556
   0259   0.055555555556
   0258   0.055555555556
   0257   0.055555555556
   0256   0.055555555556
   0255   0.055555555556
   0254   0.055555555556
   0253   0.055555555556
   0252   0.055555555556
   0251   0.055555555556
   2720   0.052631578947
   2719   0.052631578947
   2718   0.052631578947
   2717   0.052631578947
   2716   0.052631578947
   2715   0.052631578947
   2714   0.052631578947
   2713   0.052631578947
   2712   0.052631578947
   2711   0.052631578947
   2710   0.052631578947
   2709   0.052631578947
   2708   0.052631578947
   2707   0.052631578947
   2475   0.052631578947
   2474   0.052631578947
   2473   0.052631578947
   2472   0.052631578947
   2471   0.052631578947
   2470   0.052631578947
   2468   0.052631578947
   2467   0.052631578947
   2465   0.052631578947
   2464   0.052631578947
   2463   0.052631578947
   2462   0.052631578947
   2461   0.052631578947
   2460   0.052631578947
   1777   0.052631578947
   1775   0.052631578947
   1774   0.052631578947
   1773   0.052631578947
   1772   0.052631578947
   1771   0.052631578947
   1770   0.052631578947
   1769   0.052631578947
   1768   0.052631578947
   1767   0.052631578947
   1766   0.052631578947
   1765   0.052631578947
   1764   0.052631578947
   1763   0.052631578947
   1762   0.052631578947
   1760   0.052631578947
   1758   0.052631578947
   1757   0.052631578947
   1756   0.052631578947
   1755   0.052631578947
   1623   0.052631578947
   1622   0.052631578947
   1621   0.052631578947
   1620   0.052631578947
   1619   0.052631578947
   1618   0.052631578947
   1617   0.052631578947
   1616   0.052631578947
   1615   0.052631578947
   1614   0.052631578947
   1613   0.052631578947
   1553   0.052631578947
   1552   0.052631578947
   1550   0.052631578947
   1549   0.052631578947
   1548   0.052631578947
   1546   0.052631578947
   1545   0.052631578947
   1544   0.052631578947
   1543   0.052631578947
   1542   0.052631578947
   1541   0.052631578947
   1304   0.052631578947
   1303   0.052631578947
   1302   0.052631578947
   1301   0.052631578947
   1300   0.052631578947
   1299   0.052631578947
   1298   0.052631578947
   1297   0.052631578947
   1296   0.052631578947
   1295   0.052631578947
   1294   0.052631578947
   1293   0.052631578947
   1292   0.052631578947
   1291   0.052631578947
   1290   0.052631578947
   1289   0.052631578947
   1288   0.052631578947
   1090   0.052631578947
   1089   0.052631578947
   1088   0.052631578947
   1084   0.052631578947
   1082   0.052631578947
   1081   0.052631578947
   1079   0.052631578947
   1078   0.052631578947
   1077   0.052631578947
   0932   0.052631578947
   0930   0.052631578947
   0928   0.052631578947
   0925   0.052631578947
   0924   0.052631578947
   0920   0.052631578947
   0919   0.052631578947
   0918   0.052631578947
   0917   0.052631578947
   0229   0.052631578947
   0228   0.052631578947
   0227   0.052631578947
   0218   0.052631578947
   0217   0.052631578947
   0214   0.052631578947
   0213   0.052631578947
   0211   0.052631578947
   2109   0.050000000000
   2108   0.050000000000
   2107   0.050000000000
   2106   0.050000000000
   2105   0.050000000000
   2104   0.050000000000
   2103   0.050000000000
   2102   0.050000000000
   2101   0.050000000000
   2100   0.050000000000
   2099   0.050000000000
   2037   0.050000000000
   2034   0.050000000000
   2033   0.050000000000
   2032   0.050000000000
   2031   0.050000000000
   2030   0.050000000000
   2028   0.050000000000
   2027   0.050000000000
   2026   0.050000000000
   2025   0.050000000000
   2024   0.050000000000
   2023   0.050000000000
   1643   0.050000000000
   1642   0.050000000000
   1641   0.050000000000
   1640   0.050000000000
   1639   0.050000000000
   1638   0.050000000000
   1637   0.050000000000
   1636   0.050000000000
   1635   0.050000000000
   1634   0.050000000000
   1633   0.050000000000
   1632   0.050000000000
   1631   0.050000000000
   1630   0.050000000000
   1629   0.050000000000
   1628   0.050000000000
   1627   0.050000000000
   1626   0.050000000000
   1625   0.050000000000
   1624   0.050000000000
   0515   0.050000000000
   0514   0.050000000000
   0512   0.050000000000
   0511   0.050000000000
   0505   0.050000000000
   0504   0.050000000000
   0503   0.050000000000
   0502   0.050000000000
   0501   0.050000000000
   0500   0.050000000000
   2785   0.047619047619
   2784   0.047619047619
   2783   0.047619047619
   2782   0.047619047619
   2781   0.047619047619
   2780   0.047619047619
   2779   0.047619047619
   2778   0.047619047619
   2777   0.047619047619
   2775   0.047619047619
   2444   0.047619047619
   2443   0.047619047619
   2442   0.047619047619
   2441   0.047619047619
   2440   0.047619047619
   2439   0.047619047619
   2438   0.047619047619
   2437   0.047619047619
   2436   0.047619047619
   2435   0.047619047619
   2434   0.047619047619
   2433   0.047619047619
   2361   0.047619047619
   2360   0.047619047619
   2359   0.047619047619
   2358   0.047619047619
   2357   0.047619047619
   2320   0.047619047619
   2319   0.047619047619
   2318   0.047619047619
   2317   0.047619047619
   2316   0.047619047619
   2315   0.047619047619
   2313   0.047619047619
   2312   0.047619047619
   2311   0.047619047619
   2310   0.047619047619
   2309   0.047619047619
   2308   0.047619047619
   2307   0.047619047619
   2306   0.047619047619
   2305   0.047619047619
   1911   0.047619047619
   1910   0.047619047619
   1909   0.047619047619
   1908   0.047619047619
   1907   0.047619047619
   1906   0.047619047619
   1905   0.047619047619
   1904   0.047619047619
   1903   0.047619047619
   1902   0.047619047619
   1901   0.047619047619
   1900   0.047619047619
   1899   0.047619047619
   1898   0.047619047619
   1897   0.047619047619
   1896   0.047619047619
   1895   0.047619047619
   1894   0.047619047619
   1893   0.047619047619
   1816   0.047619047619
   1813   0.047619047619
   1811   0.047619047619
   1810   0.047619047619
   1809   0.047619047619
   1808   0.047619047619
   1806   0.047619047619
   1804   0.047619047619
   1803   0.047619047619
   1802   0.047619047619
   1790   0.047619047619
   1786   0.047619047619
   1783   0.047619047619
   1782   0.047619047619
   1781   0.047619047619
   1780   0.047619047619
   1778   0.047619047619
   1318   0.047619047619
   1316   0.047619047619
   1315   0.047619047619
   1313   0.047619047619
   1312   0.047619047619
   1311   0.047619047619
   1309   0.047619047619
   1307   0.047619047619
   1306   0.047619047619
   1305   0.047619047619
   1182   0.047619047619
   1178   0.047619047619
   1177   0.047619047619
   1176   0.047619047619
   1041   0.047619047619
   1040   0.047619047619
   1039   0.047619047619
   1038   0.047619047619
   1037   0.047619047619
   1035   0.047619047619
   1034   0.047619047619
   1032   0.047619047619
   1031   0.047619047619
   1030   0.047619047619
   1029   0.047619047619
   1028   0.047619047619
   1027   0.047619047619
   1026   0.047619047619
   1025   0.047619047619
   1024   0.047619047619
   1023   0.047619047619
   0880   0.047619047619
   0878   0.047619047619
   0877   0.047619047619
   0876   0.047619047619
   0875   0.047619047619
   0872   0.047619047619
   0869   0.047619047619
   0868   0.047619047619
   0867   0.047619047619
   0631   0.047619047619
   0630   0.047619047619
   0627   0.047619047619
   0625   0.047619047619
   0623   0.047619047619
   0621   0.047619047619
   0620   0.047619047619
   0618   0.047619047619
   0616   0.047619047619
   0615   0.047619047619
   0614   0.047619047619
   0435   0.047619047619
   0434   0.047619047619
   0433   0.047619047619
   0432   0.047619047619
   0431   0.047619047619
   0430   0.047619047619
   0428   0.047619047619
   0427   0.047619047619
   0426   0.047619047619
   0425   0.047619047619
   0424   0.047619047619
   0423   0.047619047619
   0420   0.047619047619
   0419   0.047619047619
   0418   0.047619047619
   0417   0.047619047619
   2920   0.045454545455
   2919   0.045454545455
   2918   0.045454545455
   2082   0.045454545455
   2081   0.045454545455
   2079   0.045454545455
   2078   0.045454545455
   2077   0.045454545455
   2076   0.045454545455
   2075   0.045454545455
   2074   0.045454545455
   2073   0.045454545455
   2072   0.045454545455
   2071   0.045454545455
   2070   0.045454545455
   2069   0.045454545455
   2022   0.045454545455
   2020   0.045454545455
   2019   0.045454545455
   2018   0.045454545455
   2017   0.045454545455
   2016   0.045454545455
   2014   0.045454545455
   2013   0.045454545455
   2011   0.045454545455
   2010   0.045454545455
   2009   0.045454545455
   2008   0.045454545455
   2007   0.045454545455
   2006   0.045454545455
   2005   0.045454545455
   2004   0.045454545455
   1503   0.045454545455
   1502   0.045454545455
   1501   0.045454545455
   1500   0.045454545455
   1498   0.045454545455
   1497   0.045454545455
   1496   0.045454545455
   1494   0.045454545455
   1493   0.045454545455
   1417   0.045454545455
   1416   0.045454545455
   1415   0.045454545455
   1413   0.045454545455
   1412   0.045454545455
   1411   0.045454545455
   1410   0.045454545455
   1253   0.045454545455
   1252   0.045454545455
   1251   0.045454545455
   1249   0.045454545455
   1248   0.045454545455
   1247   0.045454545455
   1246   0.045454545455
   1245   0.045454545455
   1244   0.045454545455
   1242   0.045454545455
   1241   0.045454545455
   1240   0.045454545455
   1239   0.045454545455
   1238   0.045454545455
   1237   0.045454545455
   1236   0.045454545455
   1235   0.045454545455
   0741   0.045454545455
   0740   0.045454545455
   0738   0.045454545455
   0737   0.045454545455
   0736   0.045454545455
   0734   0.045454545455
   0730   0.045454545455
   0727   0.045454545455
   0726   0.045454545455
   0725   0.045454545455
   0724   0.045454545455
   0723   0.045454545455
   0721   0.045454545455
   0720   0.045454545455
   0672   0.045454545455
   0668   0.045454545455
   0667   0.045454545455
   0666   0.045454545455
   0665   0.045454545455
   0663   0.045454545455
   2342   0.043478260870
   2341   0.043478260870
   2339   0.043478260870
   2338   0.043478260870
   2337   0.043478260870
   2336   0.043478260870
   2335   0.043478260870
   2334   0.043478260870
   2333   0.043478260870
   2330   0.043478260870
   2329   0.043478260870
   2328   0.043478260870
   1972   0.043478260870
   1969   0.043478260870
   1968   0.043478260870
   1967   0.043478260870
   1966   0.043478260870
   1965   0.043478260870
   1964   0.043478260870
   1962   0.043478260870
   1961   0.043478260870
   1960   0.043478260870
   1959   0.043478260870
   1958   0.043478260870
   1957   0.043478260870
   1874   0.043478260870
   0784   0.043478260870
   0783   0.043478260870
   0777   0.043478260870
   0776   0.043478260870
   0771   0.043478260870
   0770   0.043478260870
   0769   0.043478260870
   0768   0.043478260870
   0767   0.043478260870
   0766   0.043478260870
   0765   0.043478260870
   0536   0.043478260870
   0535   0.043478260870
   0533   0.043478260870
   0532   0.043478260870
   0531   0.043478260870
   0530   0.043478260870
   0529   0.043478260870
   0528   0.043478260870
   0527   0.043478260870
   0526   0.043478260870
   0524   0.043478260870
   0523   0.043478260870
   0522   0.043478260870
   0521   0.043478260870
   0520   0.043478260870
   0518   0.043478260870
   2906   0.041666666667
   2905   0.041666666667
   2904   0.041666666667
   2903   0.041666666667
   2902   0.041666666667
   2901   0.041666666667
   2900   0.041666666667
   2899   0.041666666667
   2861   0.041666666667
   2859   0.041666666667
   2858   0.041666666667
   2857   0.041666666667
   2854   0.041666666667
   2853   0.041666666667
   2852   0.041666666667
   2390   0.041666666667
   2389   0.041666666667
   2388   0.041666666667
   2387   0.041666666667
   2385   0.041666666667
   2384   0.041666666667
   2381   0.041666666667
   2380   0.041666666667
   2379   0.041666666667
   2378   0.041666666667
   2377   0.041666666667
   2376   0.041666666667
   2375   0.041666666667
   2262   0.041666666667
   2261   0.041666666667
   2260   0.041666666667
   2259   0.041666666667
   2258   0.041666666667
   2257   0.041666666667
   2256   0.041666666667
   2254   0.041666666667
   2252   0.041666666667
   2250   0.041666666667
   2249   0.041666666667
   2248   0.041666666667
   2247   0.041666666667
   2246   0.041666666667
   2245   0.041666666667
   2244   0.041666666667
   2068   0.041666666667
   2066   0.041666666667
   2065   0.041666666667
   2062   0.041666666667
   2061   0.041666666667
   2060   0.041666666667
   2058   0.041666666667
   2055   0.041666666667
   2054   0.041666666667
   2053   0.041666666667
   2052   0.041666666667
   1708   0.041666666667
   1707   0.041666666667
   1706   0.041666666667
   1705   0.041666666667
   1704   0.041666666667
   1703   0.041666666667
   1701   0.041666666667
   1700   0.041666666667
   1699   0.041666666667
   1698   0.041666666667
   1697   0.041666666667
   1695   0.041666666667
   1519   0.041666666667
   1518   0.041666666667
   1515   0.041666666667
   1514   0.041666666667
   1512   0.041666666667
   1510   0.041666666667
   1509   0.041666666667
   1508   0.041666666667
   1507   0.041666666667
   1506   0.041666666667
   0830   0.041666666667
   0828   0.041666666667
   0824   0.041666666667
   0821   0.041666666667
   0817   0.041666666667
   0816   0.041666666667
   0815   0.041666666667
   0814   0.041666666667
   0763   0.041666666667
   0762   0.041666666667
   0761   0.041666666667
   0760   0.041666666667
   0758   0.041666666667
   0756   0.041666666667
   0754   0.041666666667
   0753   0.041666666667
   0750   0.041666666667
   0748   0.041666666667
   0747   0.041666666667
   0746   0.041666666667
   0745   0.041666666667
   0744   0.041666666667
   0743   0.041666666667
   0742   0.041666666667
   0639   0.041666666667
   0638   0.041666666667
   0637   0.041666666667
   0636   0.041666666667
   0635   0.041666666667
   0634   0.041666666667
   0632   0.041666666667
   2601   0.040000000000
   2600   0.040000000000
   2599   0.040000000000
   2598   0.040000000000
   2597   0.040000000000
   2596   0.040000000000
   2595   0.040000000000
   2594   0.040000000000
   2593   0.040000000000
   2592   0.040000000000
   2591   0.040000000000
   2590   0.040000000000
   2589   0.040000000000
   2588   0.040000000000
   2587   0.040000000000
   2586   0.040000000000
   2585   0.040000000000
   2584   0.040000000000
   2494   0.040000000000
   2493   0.040000000000
   2492   0.040000000000
   2491   0.040000000000
   2490   0.040000000000
   2489   0.040000000000
   2487   0.040000000000
   2486   0.040000000000
   2485   0.040000000000
   2484   0.040000000000
   2483   0.040000000000
   2003   0.040000000000
   2002   0.040000000000
   2000   0.040000000000
   1999   0.040000000000
   1998   0.040000000000
   1997   0.040000000000
   1994   0.040000000000
   1993   0.040000000000
   1992   0.040000000000
   1991   0.040000000000
   1990   0.040000000000
   1988   0.040000000000
   1987   0.040000000000
   2947   0.038461538462
   2946   0.038461538462
   2945   0.038461538462
   2944   0.038461538462
   2681   0.038461538462
   2680   0.038461538462
   2679   0.038461538462
   2678   0.038461538462
   2676   0.038461538462
   2675   0.038461538462
   2674   0.038461538462
   2673   0.038461538462
   2672   0.038461538462
   2671   0.038461538462
   2670   0.038461538462
   2669   0.038461538462
   2668   0.038461538462
   2667   0.038461538462
   2665   0.038461538462
   2664   0.038461538462
   2663   0.038461538462
   2662   0.038461538462
   2661   0.038461538462
   2660   0.038461538462
   2659   0.038461538462
   2658   0.038461538462
   2657   0.038461538462
   2656   0.038461538462
   2655   0.038461538462
   2654   0.038461538462
   2653   0.038461538462
   2652   0.038461538462
   2651   0.038461538462
   2650   0.038461538462
   2649   0.038461538462
   2526   0.038461538462
   2523   0.038461538462
   2522   0.038461538462
   2521   0.038461538462
   2520   0.038461538462
   2519   0.038461538462
   2518   0.038461538462
   2517   0.038461538462
   2516   0.038461538462
   2515   0.038461538462
   2514   0.038461538462
   2513   0.038461538462
   2512   0.038461538462
   2511   0.038461538462
   2510   0.038461538462
   2509   0.038461538462
   2508   0.038461538462
   2507   0.038461538462
   2506   0.038461538462
   2505   0.038461538462
   1596   0.038461538462
   1595   0.038461538462
   1594   0.038461538462
   1592   0.038461538462
   1588   0.038461538462
   1587   0.038461538462
   1582   0.038461538462
   1580   0.038461538462
   1579   0.038461538462
   1578   0.038461538462
   1577   0.038461538462
   1460   0.038461538462
   1456   0.038461538462
   1455   0.038461538462
   1454   0.038461538462
   0612   0.038461538462
   0607   0.038461538462
   0606   0.038461538462
   0604   0.038461538462
   0603   0.038461538462
   0602   0.038461538462
   0599   0.038461538462
   0597   0.038461538462
   0596   0.038461538462
   0595   0.038461538462
   0593   0.038461538462
   0592   0.038461538462
   0590   0.038461538462
   2886   0.037037037037
   2885   0.037037037037
   2884   0.037037037037
   2883   0.037037037037
   2881   0.037037037037
   2880   0.037037037037
   2879   0.037037037037
   2878   0.037037037037
   2877   0.037037037037
   2876   0.037037037037
   2875   0.037037037037
   2874   0.037037037037
   2728   0.037037037037
   2726   0.037037037037
   2725   0.037037037037
   2724   0.037037037037
   2723   0.037037037037
   2722   0.037037037037
   2721   0.037037037037
   2218   0.037037037037
   2217   0.037037037037
   2214   0.037037037037
   2213   0.037037037037
   2212   0.037037037037
   2211   0.037037037037
   2210   0.037037037037
   2209   0.037037037037
   2208   0.037037037037
   2207   0.037037037037
   1789   0.037037037037
   1476   0.037037037037
   1474   0.037037037037
   1472   0.037037037037
   1471   0.037037037037
   1469   0.037037037037
   1468   0.037037037037
   1467   0.037037037037
   1466   0.037037037037
   1465   0.037037037037
   1464   0.037037037037
   2705   0.035714285714
   2703   0.035714285714
   2702   0.035714285714
   2701   0.035714285714
   2700   0.035714285714
   2699   0.035714285714
   2698   0.035714285714
   2697   0.035714285714
   2130   0.035714285714
   2128   0.035714285714
   2127   0.035714285714
   2126   0.035714285714
   2125   0.035714285714
   2124   0.035714285714
   2123   0.035714285714
   2122   0.035714285714
   2120   0.035714285714
   2119   0.035714285714
   1727   0.035714285714
   1726   0.035714285714
   1725   0.035714285714
   1724   0.035714285714
   1723   0.035714285714
   1719   0.035714285714
   1718   0.035714285714
   1717   0.035714285714
   1715   0.035714285714
   1712   0.035714285714
   1711   0.035714285714
   1710   0.035714285714
   1709   0.035714285714
   1385   0.035714285714
   1382   0.035714285714
   1381   0.035714285714
   1380   0.035714285714
   1379   0.035714285714
   1377   0.035714285714
   1376   0.035714285714
   1375   0.035714285714
   1374   0.035714285714
   1373   0.035714285714
   1372   0.035714285714
   1371   0.035714285714
   1370   0.035714285714
   1369   0.035714285714
   1368   0.035714285714
   1367   0.035714285714
   1366   0.035714285714
   1365   0.035714285714
   0306   0.035714285714
   0304   0.035714285714
   0303   0.035714285714
   0302   0.035714285714
   0300   0.035714285714
   0299   0.035714285714
   0296   0.035714285714
   0293   0.035714285714
   0290   0.035714285714
   0289   0.035714285714
   0288   0.035714285714
   0287   0.035714285714
   0286   0.035714285714
   0285   0.035714285714
   0284   0.035714285714
   0280   0.035714285714
   2583   0.034482758621
   2582   0.034482758621
   2581   0.034482758621
   2580   0.034482758621
   2579   0.034482758621
   2578   0.034482758621
   2577   0.034482758621
   2575   0.034482758621
   2574   0.034482758621
   2572   0.034482758621
   2571   0.034482758621
   2570   0.034482758621
   2569   0.034482758621
   2568   0.034482758621
   2567   0.034482758621
   2566   0.034482758621
   2837   0.033333333333
   2836   0.033333333333
   2835   0.033333333333
   2834   0.033333333333
   2833   0.033333333333
   2832   0.033333333333
   2831   0.033333333333
   2830   0.033333333333
   2829   0.033333333333
   2828   0.033333333333
   2827   0.033333333333
   2826   0.033333333333
   2825   0.033333333333
   2824   0.033333333333
   2823   0.033333333333
   2822   0.033333333333
   2821   0.033333333333
   2820   0.033333333333
   2819   0.033333333333
   2818   0.033333333333
   2817   0.033333333333
   2816   0.033333333333
   2815   0.033333333333
   2814   0.033333333333
   2813   0.033333333333
   2812   0.033333333333
   2811   0.033333333333
   2810   0.033333333333
   2809   0.033333333333
   2807   0.033333333333
   2565   0.033333333333
   2564   0.033333333333
   2563   0.033333333333
   2562   0.033333333333
   2561   0.033333333333
   2560   0.033333333333
   2559   0.033333333333
   2558   0.033333333333
   2557   0.033333333333
   2556   0.033333333333
   2555   0.033333333333
   2554   0.033333333333
   2553   0.033333333333
   1985   0.033333333333
   1984   0.033333333333
   1982   0.033333333333
   1980   0.033333333333
   1979   0.033333333333
   1978   0.033333333333
   1977   0.033333333333
   1976   0.033333333333
   1975   0.033333333333
   1974   0.033333333333
   1973   0.033333333333
   0865   0.033333333333
   0864   0.033333333333
   0863   0.033333333333
   0860   0.033333333333
   0859   0.033333333333
   0858   0.033333333333
   0857   0.033333333333
   0856   0.033333333333
   0855   0.033333333333
   0854   0.033333333333
   0853   0.033333333333
   0850   0.033333333333
   0849   0.033333333333
   0848   0.033333333333
   0846   0.033333333333
   0845   0.033333333333
   0842   0.033333333333
   0841   0.033333333333
   0840   0.033333333333
   0839   0.033333333333
   2179   0.032258064516
   2178   0.032258064516
   2177   0.032258064516
   2176   0.032258064516
   2175   0.032258064516
   2173   0.032258064516
   2172   0.032258064516
   2171   0.032258064516
   2170   0.032258064516
   2169   0.032258064516
   2168   0.032258064516
   2167   0.032258064516
   2166   0.032258064516
   2165   0.032258064516
   2164   0.032258064516
   0334   0.032258064516
   0331   0.032258064516
   0329   0.032258064516
   0328   0.032258064516
   0326   0.032258064516
   0324   0.032258064516
   0323   0.032258064516
   0315   0.032258064516
   0313   0.032258064516
   0312   0.032258064516
   0311   0.032258064516
   0310   0.032258064516
   0309   0.032258064516
   0308   0.032258064516
   0307   0.032258064516
   1145   0.031250000000
   1141   0.031250000000
   1137   0.031250000000
   1135   0.031250000000
   1134   0.031250000000
   1133   0.031250000000
   1132   0.031250000000
   1130   0.031250000000
   1129   0.031250000000
   1128   0.031250000000
   1127   0.031250000000
   1126   0.031250000000
   1125   0.031250000000
   1124   0.031250000000
   1892   0.026315789474
   1889   0.026315789474
   1888   0.026315789474
   1887   0.026315789474
   1885   0.026315789474
   1883   0.026315789474
   1882   0.026315789474
   1881   0.026315789474
   1880   0.026315789474
   1879   0.026315789474
   1878   0.026315789474
   1877   0.026315789474
   1876   0.026315789474
   1875   0.026315789474
   0496   0.022222222222
   0495   0.022222222222
   0494   0.022222222222
   0493   0.022222222222
   0492   0.022222222222
   0491   0.022222222222
   0490   0.022222222222
   0489   0.022222222222
   0488   0.022222222222
   0483   0.022222222222
   0482   0.022222222222
   0480   0.022222222222
   0479   0.022222222222
   0478   0.022222222222
   0477   0.022222222222
   0476   0.022222222222
   0474   0.022222222222
   0473   0.022222222222
   0471   0.022222222222
   0469   0.022222222222
   0468   0.022222222222
   0467   0.022222222222
   0465   0.022222222222
   0463   0.022222222222
   0462   0.022222222222
   0461   0.022222222222