   091   27   4.8559739282221    GUARANTY TRUST CO. OF NEW YORK
   196   27   4.7757173516379    UNITED STATES TRUST CO.
   066   21   4.2624952968582    FIFTH AVENUE TRUST CO.
   062   32   4.1917731015268    FARMERS' LOAN & TRUST CO.
   183   30   4.0874840465609    TITLE GUARANTEE AND TRUST CO.
   018   45   4.0466196521344    BOWERY SAVINGS BANK
   144   28   4.0223210200118    NATIONAL CITY BANK OF NEW YORK
   138   22   3.9399866200736    NATIONAL BANK OF COMMERCE
   090   26   3.7941472557029    GREENWICH SAVINGS BANK
   150   31   3.7896493501311    NEW YORK LIFE INSURANCE AND TRUST CO.
   030   22   3.7479679852201    CENTRAL TRUST CO.
   131   30   3.7407363433675
   124   38   3.6715684665897
   029   15   3.6434931592761
   154   27   3.6262284648230
   094   24   3.6088701107795
   139   22   3.4045728772018
   166   21   3.4010780599242
   174   16   3.3486704296708
   192   26   3.2745523224856
   007   31   3.2668436655710
   005   12   3.1019872094808
   037   23   3.0436515124596
   207   24   2.9701160684496
   116   21   2.9634113684733
   147   16   2.9592037912367
   209   27   2.8864398314627
   194   28   2.8551793851716
   198   13   2.8450991692841
   132   25   2.8376218695878
   109   28   2.7143485463569
   178   25   2.6785759408263
   097   19   2.6163454546774
   040   24   2.6098615375595
   042   30   2.5851884763242
   142   20   2.5751915889645
   041   13   2.5724386724387
   145   18   2.5445000534899
   008   12   2.5432586340906
   100   26   2.5061229647210
   152   11   2.5053518584859
   112   14   2.4881241041567
   006   28   2.4556772726471
   148   09   2.4524193935530
   071   16   2.4503128245737
   063   12   2.3708681977064
   200   16   2.3198656323869
   034   10   2.3183983987464
   179   15   2.3176669061260
   186   15   2.3136984491780
   014   14   2.3078144078144
   164   23   2.2575258492125
   137   24   2.2502665420235
   078   10   2.2454797689195
   093   22   2.1875886141178
   001   19   2.1738294989611
   077   21   2.1528054101873
   111   17   2.1501215913716
   184   29   2.1424483686248
   083   28   2.1368753295810
   108   24   2.1287747626134
   025   26   2.1280521622627
   114   19   2.0934431108344
   074   17   2.0867936872732
   118   21   2.0836953680994
   168   24   2.0666076842516
   130   23   2.0560596288419
   026   21   2.0382576032499
   140   10   2.0256746592424
   011   18   2.0134823960477
   110   12   2.0109171716370
   043   21   1.9991151377548
   019   20   1.9987648429043
   086   22   1.9771062271062
   202   21   1.9746379182057
   079   11   1.9376645269599
   136   14   1.9373185099501
   156   16   1.9347655683333
   080   09   1.9255452135248
   173   21   1.9053090428090
   032   12   1.9039249314211
   141   10   1.8966091778592
   065   12   1.8925402068355
   013   12   1.8853969130285
   045   18   1.8590483590484
   058   19   1.8567025782805
   027   24   1.8448916909336
   162   21   1.8373448214411
   201   17   1.8218317630082
   047   19   1.8056859806860
   099   16   1.8054228830969
   151   15   1.7909284986342
   028   13   1.7724209484552
   102   19   1.7527777777778
   117   16   1.7506338503781
   036   24   1.7362895416604
   185   25   1.7289372810141
   101   16   1.7181093760041
   060   13   1.7148018648019
   122   12   1.7144127038825
   021   14   1.7139341595224
   015   21   1.7121566431141
   016   13   1.7062449485723
   134   20   1.6966049855926
   031   17   1.6894410399206
   170   17   1.6857142857143
   190   18   1.6834227075606
   157   24   1.6754823678737
   003   15   1.6751562220602
   020   23   1.6455127316111
   208   17   1.6436179017061
   121   13   1.6405150569195
   004   18   1.6264142720025
   177   13   1.6227888080251
   123   17   1.6067923579688
   049   17   1.6000000000000
   068   11   1.5896686159844
   195   19   1.5788779194662
   180   26   1.5615657003815
   096   12   1.5598651348651
   127   13   1.5589516964517
   035   22   1.5581825037707
   098   14   1.5573771121352
   115   19   1.5519230769231
   075   09   1.5511118270770
   009   16   1.5382326007326
   022   17   1.5366582491582
   119   17   1.5277123123617
   165   15   1.5241633366633
   069   07   1.5225230066890
   072   22   1.5187288874360
   149   09   1.5141806722689
   084   12   1.4851190476190
   133   22   1.4744032559260
   187   11   1.4607206518971
   057   10   1.4396859053399
   204   16   1.4152046783626
   175   15   1.4103835978836
   087   17   1.4103497809380
   188   10   1.4084967320261
   044   10   1.4052287581699
   054   21   1.4037878787879
   081   15   1.3929288103201
   172   13   1.3912970743853
   206   17   1.3720378151261
   089   10   1.3675481438639
   167   14   1.3500000000000
   107   17   1.3468137254902
   076   19   1.3420634920635
   128   17   1.3360323886640
   158   18   1.3339425770308
   106   10   1.3278968253968
   059   16   1.3087878787879
   210   15   1.3081077694236
   176   19   1.3056184012066
   159   17   1.3052584670232
   039   13   1.2933988425368
   143   12   1.2871352177235
   073   12   1.2857142857143
   199   13   1.2824110671937
   146   13   1.2660923326216
   126   12   1.2660242982824
   067   10   1.2593137254902
   055   14   1.2492997198880
   088   12   1.2481203007519
   189   17   1.2190476190476
   070   16   1.2181372549020
   105   14   1.2159259259259
   051   17   1.2145363408521
   171   11   1.2051767676768
   125   21   1.2016806722689
   095   15   1.2000000000000
   046   10   1.1936026936027
   092   14   1.1921568627451
   048   16   1.1916666666667
   064   12   1.1883781852822
   085   17   1.1880131362890
   056   09   1.1876190476190
   191   26   1.1801470588235
   120   15   1.1592982456140
   197   09   1.1588235294118
   129   15   1.1527777777778
   061   16   1.1468253968254
   161   13   1.1442780748663
   193   16   1.1363636363636
   050   17   1.1357142857143
   024   14   1.1325757575758
   104   15   1.1250000000000
   012   05   1.1176470588235
   160   10   1.1052631578947
   153   14   1.1000000000000
   033   12   1.0910973084886
   052   16   1.0909090909091
   010   10   1.0588235294118
   017   09   1.0555555555556
   113   12   1.0555555555556
   053   06   1.0526315789474
   203   11   1.0434782608696
   023   08   1.0416666666667
   163   08   1.0357142857143
   182   18   1.0000000000000
   103   20   1.0000000000000
   181   08   1.0000000000000
   155   12   1.0000000000000
   135   08   1.0000000000000
   082   12   1.0000000000000
   002   05   1.0000000000000
   205   30   1.0000000000000
   169   06   1.0000000000000
   038   15   1.0000000000000