n = size(D,1);
for i = 1:n
    for j = i+1:n
        if D(i,1)~=D(j,1) && D(i,2)==D(j,2)
            fprintf('%0.0f,%0.0f\n',D(i,1),D(j,1))
        end
    end
end
1,66
1,100
1,124
1,198
1,200
1,207
1,3005
1,3010
1,3120
1,3139
1,3150
1,132
1,3150
1,200
1,207
1,3150
1,3150
1,3150
1,124
1,207
1,3010
1,3111
1,3150
1,91
1,100
1,124
1,144
1,2959
1,3005
1,3010
1,3012
1,3032
1,3065
1,3078
1,3114
1,3150
1,3278
1,100
1,207
1,90
1,207
1,3005
1,3010
1,66
1,100
1,2959
1,3150
1,192
1,3048
1,100
1,124
1,198
1,200
1,207
1,3120
1,3150
1,3150
1,3150
3,194
3,3173
3,30
3,66
3,91
3,138
3,194
3,2964
3,3139
3,3183
3,196
3,194
3,3163
3,3183
3,26
3,111
3,192
3,3062
3,3086
3,131
3,2980
3,3032
3,3035
3,3114
3,3115
3,25
3,26
3,124
3,124
3,180
4,57
4,87
4,109
4,172
4,2948
4,41
4,141
4,139
4,157
4,171
4,3120
4,3173
5,18
5,32
5,62
5,71
5,91
5,111
5,116
5,148
5,162
5,3062
5,3086
5,3114
5,3139
5,3183
5,3278
5,78
5,124
5,131
5,145
5,150
5,166
5,183
5,3057
5,3150
5,115
5,168
5,192
5,3078
5,7
5,30
5,66
5,78
5,91
5,3183
5,6
5,42
5,194
5,7
5,78
5,168
5,3010
5,3078
5,168
5,34
5,78
5,99
5,150
5,192
5,3163
5,7
5,66
5,78
5,130
6,42
6,194
6,11
6,62
6,90
6,166
6,174
6,3139
6,3163
6,149
6,9
6,25
6,114
6,18
6,63
6,91
6,183
6,194
6,3183
6,50
6,14
6,77
6,114
6,183
6,196
6,110
6,165
6,173
6,3163
6,138
6,173
7,30
7,66
7,78
7,91
7,3183
7,78
7,168
7,3010
7,3078
7,66
7,78
7,130
7,162
7,3139
7,42
7,109
7,139
7,147
7,198
7,200
7,207
7,3240
7,91
7,150
7,2964
7,3183
7,168
7,183
7,11
7,196
7,119
7,97
7,109
7,133
7,43
7,126
7,3163
7,130
7,134
7,2967
7,15
7,75
7,130
7,130
7,166
7,3057
7,11
7,30
8,29
8,30
8,97
8,138
8,209
8,3139
8,173
8,66
8,90
8,91
8,131
8,134
8,138
8,3017
8,3183
8,29
8,30
8,91
8,131
8,138
8,3183
8,29
8,30
8,34
8,66
8,90
8,91
8,131
8,150
8,183
8,3183
8,83
8,138
8,89
8,90
8,196
8,30
8,150
8,3278
9,104
9,109
9,198
9,200
9,104
9,40
9,94
9,108
9,3173
9,42
9,194
10,189
11,62
11,90
11,166
11,174
11,3139
11,3163
11,196
11,30
11,142
11,173
11,174
11,43
11,118
11,3163
11,46
11,154
11,2936
11,3017
11,3163
11,62
11,130
11,131
11,196
11,2936
11,2964
11,3005
11,3150
11,30
11,3039
11,3139
11,124
11,168
12,170
12,2980
12,170
13,131
13,148
13,18
13,62
13,154
13,109
13,30
13,97
13,138
13,183
13,196
13,2959
13,3278
13,14
13,62
13,121
13,144
13,196
13,3062
13,3111
13,97
13,131
13,174
13,3120
13,3150
14,62
14,121
14,144
14,196
14,3062
14,3111
14,18
14,149
14,149
14,166
14,2967
14,18
14,29
14,41
14,62
14,63
14,94
14,112
14,141
14,142
14,144
14,154
14,174
14,196
14,2948
14,2959
14,3005
14,3010
14,3032
14,3062
14,3114
14,3120
14,3194
14,3278
15,75
15,130
15,58
15,147
15,65
15,75
15,76
15,31
15,133
15,201
16,36
16,119
16,164
16,20
16,164
16,20
16,36
16,164
16,108
16,20
16,108
16,93
16,164
16,202
16,64
17,190
18,32
18,62
18,71
18,91
18,111
18,116
18,148
18,162
18,3062
18,3086
18,3114
18,3139
18,3183
18,3278
18,63
18,91
18,183
18,194
18,3183
18,62
18,183
18,122
18,174
18,136
18,174
18,109
18,109
18,174
18,127
18,119
18,40
18,63
18,123
18,29
18,45
18,118
18,136
18,148
18,3120
18,134
18,109
18,29
18,41
18,62
18,63
18,94
18,112
18,141
18,142
18,144
18,154
18,174
18,196
18,2948
18,2959
18,3005
18,3010
18,3032
18,3062
18,3114
18,3120
18,3194
18,3278
18,145
18,166
19,100
19,177
19,184
19,3111
19,130
19,177
19,177
19,111
19,202
19,96
19,177
19,3120
19,124
19,3010
19,3150
19,28
19,184
19,3111
19,184
19,3100
19,60
19,177
19,2993
19,111
20,164
20,108
20,164
20,93
20,148
20,114
20,121
21,84
21,118
21,108
21,210
21,84
21,84
21,137
21,208
21,84
21,27
21,209
21,93
22,71
22,143
22,94
22,151
22,154
22,67
22,140
22,133
23,94
24,93
24,207
24,93
25,26
25,114
25,114
25,121
25,114
25,139
25,157
25,77
25,136
25,96
25,3166
25,114
25,3139
25,3163
25,114
25,136
25,196
25,114
25,114
25,3173
25,26
25,3163
25,93
25,108
26,111
26,192
26,45
26,136
26,47
26,121
26,71
26,111
26,178
26,2942
26,199
26,194
26,86
26,96
26,136
27,68
27,209
27,159
27,68
27,209
27,68
27,209
27,209
27,209
27,176
27,68
27,209
27,168
27,184
27,3100
28,184
28,3111
28,128
28,81
28,142
28,3166
28,90
28,97
28,138
28,154
28,183
28,3166
28,3194
28,71
28,144
28,154
28,3176
28,3194
28,128
28,195
28,3111
28,128
28,3194
28,3120
28,3150
29,30
29,97
29,138
29,209
29,3139
29,30
29,91
29,131
29,138
29,3183
29,30
29,34
29,66
29,90
29,91
29,131
29,150
29,183
29,3183
29,41
29,62
29,63
29,94
29,112
29,141
29,142
29,144
29,154
29,174
29,196
29,2948
29,2959
29,3005
29,3010
29,3032
29,3062
29,3114
29,3120
29,3194
29,3278
29,45
29,118
29,136
29,148
29,3120
29,63
29,45
29,209
29,31
29,37
29,65
29,37
29,40
29,144
29,209
29,137
29,144
29,208
30,66
30,91
30,138
30,194
30,2964
30,3139
30,3183
30,66
30,78
30,91
30,3183
30,97
30,138
30,209
30,3139
30,91
30,131
30,138
30,3183
30,34
30,66
30,90
30,91
30,131
30,150
30,183
30,3183
30,150
30,3278
30,3039
30,3139
30,97
30,138
30,183
30,196
30,2959
30,3278
30,127
30,174
30,59
30,132
30,75
30,3120
30,3150
30,3173
30,31
30,138
30,3183
30,2967
30,83
30,192
30,3005
30,3183
30,122
30,165
31,133
31,201
31,37
31,65
31,3278
31,122
31,94
31,149
31,174
32,62
32,71
32,91
32,111
32,116
32,148
32,162
32,3062
32,3086
32,3114
32,3139
32,3183
32,3278
32,116
32,3071
32,116
32,71
32,116
32,124
32,154
32,192
32,2936
32,2959
32,3071
32,3150
32,116
32,3120
32,116
32,3093
33,37
33,3120
33,118
33,3173
34,78
34,99
34,150
34,192
34,3163
34,66
34,90
34,91
34,131
34,150
34,183
34,3183
34,99
34,148
34,183
34,192
34,3163
34,76
34,90
34,150
34,168
34,168
34,78
34,150
35,161
35,94
35,159
35,198
35,40
35,137
35,41
35,151
35,39
36,179
36,119
36,164
36,93
36,146
36,164
36,179
36,179
36,179
36,77
36,3176
37,65
37,40
37,144
37,209
37,3120
37,58
37,139
37,112
37,3194
37,72
37,94
37,142
37,151
37,58
37,177
37,112
37,203
37,144
37,154
37,2959
37,3194
37,3278
37,74
37,79
37,80
37,139
37,140
37,147
37,152
37,156
37,179
37,186
37,198
39,94
39,151
39,184
39,186
39,192
40,94
40,108
40,3173
40,63
40,123
40,144
40,209
40,123
40,132
40,166
40,206
40,132
40,145
40,166
40,3120
40,185
40,94
40,173
40,147
40,90
40,184
40,2942
40,147
40,172
40,159
40,110
40,115
40,90
40,93
40,178
41,151
41,141
41,62
41,144
41,141
41,94
41,110
41,112
41,144
41,174
41,196
41,2964
41,2967
41,3048
41,3062
41,3100
41,3114
41,3183
41,101
41,131
41,3005
41,3010
41,3032
41,3150
41,3278
41,62
41,63
41,94
41,112
41,141
41,142
41,144
41,154
41,174
41,196
41,2948
41,2959
41,3005
41,3010
41,3032
41,3062
41,3114
41,3120
41,3194
41,3278
42,194
42,109
42,139
42,147
42,198
42,200
42,207
42,3240
42,194
42,66
42,69
42,91
42,116
42,132
42,139
42,145
42,166
42,3048
42,3093
42,3150
42,194
42,207
42,3150
42,124
42,194
42,45
42,183
42,194
42,123
42,194
42,3086
42,3114
42,43
42,58
42,97
43,126
43,3163
43,58
43,97
43,175
43,175
43,71
43,154
43,175
43,3194
43,175
43,196
43,2942
43,2948
43,71
43,3120
43,63
43,183
43,194
43,3057
43,3183
43,178
43,62
44,201
44,201
44,201
44,197
44,201
44,201
45,118
45,136
45,148
45,3120
45,136
45,113
45,209
45,194
45,3120
45,3150
45,2942
45,139
45,3173
45,183
45,118
45,90
46,154
46,2936
46,3017
46,3163
46,93
46,190
46,3176
47,121
47,72
47,121
47,118
47,64
47,160
47,160
47,77
47,137
47,77
47,152
48,117
48,117
48,165
49,188
49,188
49,188
49,188
49,188
49,188
50,3120
50,3176
50,67
51,77
51,179
51,118
51,176
52,187
53,102
54,96
54,96
54,108
54,151
54,72
54,96
55,125
55,189
55,162
55,125
55,162
56,77
56,106
56,178
57,87
57,109
57,172
57,110
57,133
57,114
57,62
58,177
58,97
58,147
58,152
58,164
58,185
58,128
58,79
58,108
58,108
58,108
59,132
59,132
59,186
59,186
59,142
60,86
60,86
60,86
60,86
60,86
60,86
60,86
60,86
60,86
60,177
60,165
60,86
60,179
61,80
61,109
62,71
62,91
62,111
62,116
62,148
62,162
62,3062
62,3086
62,3114
62,3139
62,3183
62,3278
62,90
62,166
62,174
62,3139
62,3163
62,130
62,131
62,196
62,2936
62,2964
62,3005
62,3150
62,121
62,144
62,196
62,3062
62,3111
62,63
62,94
62,112
62,141
62,142
62,144
62,154
62,174
62,196
62,2948
62,2959
62,3005
62,3010
62,3032
62,3062
62,3114
62,3120
62,3194
62,3278
62,144
62,150
62,3062
62,3032
62,122
62,3093
62,69
62,150
62,192
62,66
62,116
62,138
62,3120
62,3278
62,144
62,134
62,183
62,3010
62,3057
62,144
62,3062
62,144
62,150
62,166
62,174
62,3062
63,91
63,183
63,194
63,3183
63,94
63,112
63,141
63,142
63,144
63,154
63,174
63,196
63,2948
63,2959
63,3005
63,3010
63,3032
63,3062
63,3114
63,3120
63,3194
63,3278
63,123
63,183
63,194
63,3057
63,3183
63,83
63,142
63,3166
63,3017
63,3194
63,90
63,154
63,144
64,87
65,75
65,76
65,90
65,98
65,98
65,98
65,98
65,3111
65,75
65,127
65,3166
65,3173
66,100
66,124
66,198
66,200
66,207
66,3005
66,3010
66,3120
66,3139
66,3150
66,100
66,2959
66,3150
66,91
66,138
66,194
66,2964
66,3139
66,3183
66,78
66,91
66,3183
66,78
66,130
66,90
66,91
66,131
66,134
66,138
66,3017
66,3183
66,69
66,91
66,116
66,132
66,139
66,145
66,166
66,3048
66,3093
66,3150
66,91
66,131
66,3150
66,3173
66,90
66,144
66,196
66,131
66,3017
66,3120
66,124
66,180
66,192
66,207
66,2948
66,2964
66,2967
66,3035
66,3057
66,3120
66,3150
66,90
66,127
66,194
66,3183
66,3183
66,108
66,131
66,138
66,89
66,154
66,131
66,138
66,3183
66,90
66,91
66,131
66,150
66,183
66,3183
67,207
67,140
68,209
68,209
68,209
68,209
68,209
68,209
68,114
68,209
68,209
68,209
68,209
69,91
69,116
69,132
69,139
69,145
69,166
69,3048
69,3093
69,3150
69,150
69,192
69,124
69,132
69,3150
70,157
70,170
70,170
70,170
71,91
71,111
71,116
71,148
71,162
71,3062
71,3086
71,3114
71,3139
71,3183
71,3278
71,111
71,178
71,2942
71,144
71,154
71,3176
71,3194
71,116
71,124
71,154
71,192
71,2936
71,2959
71,3071
71,3150
71,154
71,175
71,3194
71,3120
71,111
71,3062
71,3062
71,196
71,3278
71,2942
71,138
71,2964
71,2967
72,94
72,142
72,151
72,96
72,151
72,151
73,167
73,112
73,167
73,167
74,156
74,191
74,191
74,92
74,79
74,80
74,139
74,140
74,147
74,152
74,156
74,179
74,186
74,198
74,123
75,130
75,76
75,3120
75,3150
75,3173
75,127
75,3166
75,3173
75,192
77,114
77,183
77,136
77,3176
77,152
77,106
77,178
77,178
77,98
77,150
77,178
77,119
77,143
77,202
78,91
78,3183
78,168
78,3010
78,3078
78,99
78,150
78,192
78,3163
78,130
78,150
78,167
78,150
79,80
79,139
79,140
79,147
79,152
79,156
79,179
79,186
79,198
79,140
80,109
80,139
80,140
80,147
80,152
80,156
80,179
80,186
80,198
80,147
81,142
81,3166
81,83
81,164
81,199
81,83
81,83
81,90
83,138
83,192
83,3005
83,3183
83,142
83,3166
83,164
83,199
83,2942
83,85
83,184
83,210
83,105
83,132
83,145
83,166
83,196
83,3120
83,85
84,118
84,117
84,137
84,162
85,184
85,166
85,184
86,96
86,199
87,109
87,172
87,201
88,176
88,112
88,112
88,176
89,90
89,196
89,154
89,102
89,153
90,196
90,124
90,127
90,196
90,3150
90,202
90,150
90,168
90,127
90,194
90,3183
90,91
90,131
90,134
90,138
90,3017
90,3183
90,91
90,131
90,150
90,183
90,3183
90,97
90,138
90,154
90,183
90,3166
90,3194
90,122
90,3166
90,202
90,202
90,3194
90,166
90,174
90,3139
90,3163
90,154
90,144
90,196
90,196
90,3150
91,100
91,124
91,144
91,2959
91,3005
91,3010
91,3012
91,3032
91,3065
91,3078
91,3114
91,3150
91,3278
91,138
91,194
91,2964
91,3139
91,3183
91,111
91,116
91,148
91,162
91,3062
91,3086
91,3114
91,3139
91,3183
91,3278
91,3183
91,183
91,194
91,3183
91,150
91,2964
91,3183
91,131
91,134
91,138
91,3017
91,3183
91,131
91,138
91,3183
91,131
91,150
91,183
91,3183
91,116
91,132
91,139
91,145
91,166
91,3048
91,3093
91,3150
91,131
91,3150
91,3173
91,131
91,134
91,3093
91,119
91,178
91,131
91,138
91,3057
91,3183
91,3183
91,3017
91,3057
91,97
91,122
91,138
91,152
91,178
91,183
91,196
91,2936
91,2942
91,3057
91,3139
91,3163
91,3194
91,3010
91,3048
91,138
91,2936
91,2948
91,2964
91,3035
91,3062
91,3086
91,3114
91,3183
91,2948
91,2964
91,3062
91,166
92,96
92,142
92,3173
93,108
93,146
93,178
93,190
93,3176
93,143
93,126
93,146
93,184
93,190
93,3176
93,126
94,142
94,151
94,151
94,184
94,148
94,192
94,108
94,3173
94,112
94,141
94,142
94,144
94,154
94,174
94,196
94,2948
94,2959
94,3005
94,3010
94,3032
94,3062
94,3114
94,3120
94,3194
94,3278
94,151
94,154
94,149
94,174
94,173
94,184
94,115
94,192
94,154
94,110
94,112
94,144
94,174
94,196
94,2964
94,2967
94,3048
94,3062
94,3100
94,3114
94,3183
95,186
95,186
95,186
96,177
96,3120
96,108
97,109
97,138
97,209
97,3139
97,138
97,183
97,196
97,2959
97,3278
97,131
97,174
97,3120
97,3150
97,138
97,154
97,183
97,3166
97,3194
97,122
97,138
97,152
97,178
97,183
97,196
97,2936
97,2942
97,3057
97,3139
97,3163
97,3194
97,138
97,150
97,196
97,3166
97,3173
97,3194
98,3111
98,150
98,178
98,99
98,108
99,150
99,192
99,3163
99,148
99,183
99,192
99,3163
99,100
99,124
99,150
100,124
100,198
100,200
100,207
100,3005
100,3010
100,3120
100,3139
100,3150
100,124
100,144
100,2959
100,3005
100,3010
100,3012
100,3032
100,3065
100,3078
100,3114
100,3150
100,3278
100,207
100,2959
100,3150
100,124
100,198
100,200
100,207
100,3120
100,3150
100,177
100,184
100,3111
100,124
100,124
100,207
100,3057
100,3150
100,207
100,184
100,124
100,3150
100,131
100,2936
100,3005
100,194
100,207
100,184
100,124
100,3012
100,3120
100,3150
100,3120
101,102
101,148
101,102
101,102
101,102
101,118
101,102
101,102
101,106
101,179
102,148
105,132
105,145
105,166
105,196
105,3120
106,178
106,179
107,117
107,117
107,159
107,117
107,137
107,159
108,3173
108,210
108,131
108,138
108,121
109,172
109,139
109,147
109,198
109,200
109,207
109,3240
109,198
109,200
109,198
109,206
109,139
109,200
109,157
109,166
109,163
110,165
110,173
110,3163
110,115
110,112
110,144
110,174
110,196
110,2964
110,2967
110,3048
110,3062
110,3100
110,3114
110,3183
110,173
110,196
110,173
110,115
110,142
110,119
110,173
111,192
111,116
111,148
111,162
111,3062
111,3086
111,3114
111,3139
111,3183
111,3278
111,202
111,178
111,2942
111,3062
111,148
111,3139
112,141
112,142
112,144
112,154
112,174
112,196
112,2948
112,2959
112,3005
112,3010
112,3032
112,3062
112,3114
112,3120
112,3194
112,3278
112,3194
112,144
112,174
112,196
112,2964
112,2967
112,3048
112,3062
112,3100
112,3114
112,3183
112,3176
112,144
112,174
112,2964
114,183
114,136
114,183
114,3265
114,3173
114,183
114,209
114,136
114,196
114,121
114,121
115,168
115,192
115,3078
115,192
115,142
115,142
116,3093
116,175
116,207
116,3120
116,138
116,3120
116,3278
116,124
116,154
116,192
116,2936
116,2959
116,3071
116,3150
116,124
116,3093
116,124
116,2980
116,3150
116,132
116,145
116,148
116,162
116,3062
116,3086
116,3114
116,3139
116,3183
116,3278
116,132
116,139
116,145
116,166
116,3048
116,3093
116,3150
116,3071
116,117
117,137
117,137
117,137
117,187
117,208
117,164
118,3163
118,136
118,148
118,3120
118,126
118,136
118,183
118,139
119,158
119,202
119,164
119,178
120,185
120,195
120,210
121,144
121,196
121,3062
121,3111
122,174
122,165
122,3166
122,3093
122,138
122,152
122,178
122,183
122,196
122,2936
122,2942
122,3057
122,3139
122,3163
122,3194
122,3093
122,195
123,132
123,166
123,206
123,151
123,3120
123,3194
123,161
123,194
123,3086
123,3114
124,198
124,200
124,207
124,3005
124,3010
124,3120
124,3139
124,3150
124,207
124,3010
124,3111
124,3150
124,144
124,2959
124,3005
124,3010
124,3012
124,3032
124,3065
124,3078
124,3114
124,3150
124,3278
124,198
124,200
124,207
124,3120
124,3150
124,180
124,131
124,145
124,150
124,166
124,183
124,3057
124,3150
124,3010
124,3150
124,154
124,192
124,2936
124,2959
124,3071
124,3150
124,194
124,180
124,192
124,207
124,2948
124,2964
124,2967
124,3035
124,3057
124,3120
124,3150
124,132
124,3150
124,207
124,3057
124,3150
124,3150
124,3012
124,3120
124,3150
124,2980
124,3150
124,3093
124,2948
124,3010
124,185
124,3005
124,3010
124,3065
124,3111
124,3150
124,2980
124,3150
124,194
124,2959
124,3065
124,204
124,3150
124,168
125,189
126,202
126,3163
127,194
127,3183
127,196
127,174
127,3166
127,3173
127,196
127,3150
128,195
128,3111
128,3278
128,3005
129,157
129,148
130,207
130,3114
130,3150
130,131
130,196
130,2936
130,2964
130,3005
130,3150
130,134
130,2967
130,177
130,146
130,3176
130,3183
130,154
130,2936
130,3032
130,166
130,3057
131,3150
131,3173
131,3120
131,145
131,150
131,166
131,183
131,3057
131,3150
131,148
131,3017
131,3120
131,138
131,3057
131,3183
131,134
131,138
131,3017
131,3183
131,138
131,2936
131,138
131,3183
131,150
131,183
131,3183
131,196
131,2936
131,2964
131,3005
131,3150
131,134
131,3093
131,2980
131,3032
131,3035
131,3114
131,3115
131,3005
131,3010
131,3032
131,3150
131,3278
131,174
131,3120
131,3150
131,138
131,3183
131,3120
131,139
131,3120
131,166
131,183
131,3120
131,3139
132,3078
132,145
132,195
132,145
132,145
132,3150
132,145
132,139
132,145
132,166
132,3048
132,3093
132,3150
132,166
132,206
132,186
132,145
132,166
132,3120
132,3150
132,145
132,166
132,196
132,3120
133,201
133,190
133,193
134,2967
134,206
134,138
134,3017
134,3183
134,3093
134,183
134,3010
134,3057
134,139
134,180
134,144
136,148
136,3120
136,178
136,183
136,178
136,196
136,183
137,187
137,208
137,187
137,162
137,138
137,187
137,202
137,208
137,208
137,144
137,208
138,194
138,2964
138,3139
138,3183
138,173
138,209
138,3139
138,3017
138,3183
138,3183
138,183
138,196
138,2959
138,3278
138,154
138,183
138,3166
138,3194
138,3183
138,3120
138,3278
138,3183
138,2964
138,2967
138,3057
138,3183
138,152
138,178
138,183
138,196
138,2936
138,2942
138,3057
138,3139
138,3163
138,3194
138,2936
138,2948
138,2964
138,3035
138,3062
138,3086
138,3114
138,3183
138,150
138,196
138,3166
138,3173
138,3194
138,187
138,202
139,157
139,171
139,3120
139,3173
139,147
139,198
139,200
139,207
139,3240
139,157
139,145
139,166
139,3048
139,3093
139,3150
139,3173
139,140
139,147
139,152
139,156
139,179
139,186
139,198
139,180
139,3120
139,147
139,180
139,157
139,200
140,147
140,152
140,156
140,179
140,186
140,198
141,142
141,144
141,154
141,174
141,196
141,2948
141,2959
141,3005
141,3010
141,3032
141,3062
141,3114
141,3120
141,3194
141,3278
142,144
142,154
142,174
142,196
142,2948
142,2959
142,3005
142,3010
142,3032
142,3062
142,3114
142,3120
142,3194
142,3278
142,3166
142,151
142,3166
143,178
143,202
143,202
144,2959
144,3005
144,3010
144,3012
144,3032
144,3065
144,3078
144,3114
144,3150
144,3278
144,196
144,3062
144,3111
144,154
144,174
144,196
144,2948
144,2959
144,3005
144,3010
144,3032
144,3062
144,3114
144,3120
144,3194
144,3278
144,154
144,3176
144,3194
144,209
144,208
144,154
144,2959
144,3194
144,3278
144,3062
144,150
144,166
144,174
144,3062
144,196
144,174
144,196
144,2964
144,2967
144,3048
144,3062
144,3100
144,3114
144,3183
144,174
144,2936
144,3278
144,154
144,3194
144,3062
144,3100
144,206
145,166
145,3120
145,150
145,166
145,185
145,3078
145,3120
145,3183
145,150
145,166
145,183
145,3057
145,3150
145,166
145,3048
145,3093
145,3150
145,195
145,166
145,194
145,166
145,196
145,3120
146,3176
146,3176
146,184
146,190
146,3176
147,186
147,152
147,156
147,179
147,186
147,198
147,198
147,200
147,207
147,3240
147,156
147,152
147,164
147,185
147,172
147,206
147,180
148,162
148,3062
148,3086
148,3114
148,3139
148,3183
148,3278
148,3120
148,183
148,192
148,3163
148,192
149,204
149,204
149,166
149,2967
149,174
150,166
150,183
150,3057
150,3150
150,3062
150,2964
150,3183
150,3166
150,196
150,3166
150,3173
150,3194
150,168
150,166
150,185
150,3078
150,3120
150,3183
150,178
150,183
150,3183
150,192
150,168
150,192
150,3163
150,3278
150,166
150,174
150,3062
151,184
151,154
152,195
152,164
152,185
152,156
152,179
152,186
152,198
152,178
152,178
152,183
152,196
152,2936
152,2942
152,3057
152,3139
152,3163
152,3194
154,2936
154,3017
154,3163
154,174
154,196
154,2948
154,2959
154,3005
154,3010
154,3032
154,3062
154,3114
154,3120
154,3194
154,3278
154,183
154,3166
154,3194
154,3176
154,3194
154,192
154,2936
154,2959
154,3071
154,3150
154,2959
154,3194
154,3278
154,175
154,3194
154,3194
154,2936
154,3032
154,3194
154,3194
154,175
154,172
155,3278
156,179
156,186
156,198
157,200
157,164
157,194
157,166
157,171
157,3120
157,3173
158,204
158,202
158,204
158,185
158,3173
158,204
159,208
160,2936
160,2936
160,2936
160,2936
160,2942
161,178
162,3139
162,3062
162,3086
162,3114
162,3139
162,3183
162,3278
164,199
164,179
164,185
164,202
164,199
165,173
165,168
165,173
165,3163
166,190
166,183
166,3057
166,3150
166,3048
166,3093
166,3150
166,206
166,3120
166,185
166,3078
166,3120
166,3183
166,2967
166,174
166,3139
166,3163
166,174
166,3062
166,3057
166,196
166,3120
168,183
168,184
168,3100
168,192
168,3078
168,3010
168,3078
170,194
170,174
171,193
171,3120
171,3173
173,196
173,174
173,3163
174,196
174,2948
174,2959
174,3005
174,3010
174,3032
174,3062
174,3114
174,3120
174,3194
174,3278
174,3139
174,3163
174,196
174,2964
174,2967
174,3048
174,3062
174,3100
174,3114
174,3183
174,3120
174,3150
174,3062
175,3194
175,194
176,192
177,184
177,3111
177,3120
178,183
178,196
178,2936
178,2942
178,3057
178,3139
178,3163
178,3194
178,202
178,2942
179,186
179,198
180,190
180,192
180,207
180,2948
180,2964
180,2967
180,3035
180,3057
180,3120
180,3150
180,3093
180,2936
180,3048
180,3114
180,3086
180,2936
180,3017
180,3032
180,3086
180,3114
180,2967
180,190
183,3057
183,3150
183,3183
183,194
183,3183
183,3183
183,196
183,2959
183,3278
183,3166
183,3194
183,194
183,3057
183,3183
183,196
183,2936
183,2942
183,3057
183,3139
183,3163
183,3194
183,3010
183,3057
183,3120
183,3139
183,192
183,3163
183,3166
184,185
184,2942
184,3100
184,3111
184,3111
184,190
184,3176
184,3100
184,3120
184,3205
185,2967
185,195
185,210
185,3120
185,3078
185,3120
185,3183
185,3100
185,3100
185,3173
185,3005
185,3010
185,3065
185,3111
185,3150
186,198
187,208
187,208
187,202
188,190
190,3176
190,3176
191,2942
191,2942
191,2942
191,200
192,207
192,2948
192,2964
192,2967
192,3035
192,3057
192,3120
192,3150
192,3078
192,2936
192,2959
192,3071
192,3150
192,3163
192,2980
192,3115
192,3240
192,3048
192,3005
192,3183
192,3005
192,3163
194,207
194,2964
194,3139
194,3183
194,3120
194,3150
194,207
194,3150
194,3173
194,3183
194,3163
194,3183
194,3183
194,3183
194,2942
194,3057
194,3183
194,2959
194,3065
194,3086
194,3114
195,210
195,3111
196,3278
196,3166
196,3173
196,3194
196,2942
196,2948
196,2959
196,3278
196,2936
196,2964
196,3005
196,3150
196,2936
196,2942
196,3057
196,3139
196,3163
196,3194
196,2964
196,2967
196,3048
196,3062
196,3100
196,3114
196,3183
196,3062
196,3111
196,3150
196,3150
196,2948
196,2959
196,3005
196,3010
196,3032
196,3062
196,3114
196,3120
196,3194
196,3278
196,3120
197,201
198,200
198,207
198,3240
198,200
198,200
198,207
198,3005
198,3010
198,3120
198,3139
198,3150
198,200
198,207
198,3120
198,3150
199,3120
200,207
200,3120
200,3150
200,207
200,3150
200,207
200,3240
200,207
200,3005
200,3010
200,3120
200,3139
200,3150
200,207
202,3194
203,3012
203,3012
207,3120
207,3150
207,3057
207,3150
207,3150
207,3150
207,3240
207,2948
207,2964
207,2967
207,3035
207,3057
207,3120
207,3150
207,3032
207,3010
207,3111
207,3150
207,3005
207,3010
207,3120
207,3139
207,3150
207,3114
207,3150
207,3005
207,3010
207,3150
209,3139
2936,3278
2936,2959
2936,3071
2936,3150
2936,3017
2936,3163
2936,2964
2936,3005
2936,3150
2936,2942
2936,3057
2936,3139
2936,3163
2936,3194
2936,3032
2936,3048
2936,3114
2936,3017
2936,3032
2936,3086
2936,3114
2936,2948
2936,2964
2936,3035
2936,3062
2936,3086
2936,3114
2936,3183
2942,2948
2942,3057
2942,3139
2942,3163
2942,3194
2948,3010
2948,2964
2948,2964
2948,2967
2948,3035
2948,3057
2948,3120
2948,3150
2948,3010
2948,3150
2948,2959
2948,3005
2948,3010
2948,3032
2948,3062
2948,3114
2948,3120
2948,3194
2948,3278
2948,2964
2948,3035
2948,3062
2948,3086
2948,3114
2948,3183
2948,2964
2948,3062
2948,2964
2959,3114
2959,3278
2959,3005
2959,3010
2959,3012
2959,3032
2959,3065
2959,3078
2959,3114
2959,3150
2959,3278
2959,3071
2959,3150
2959,3278
2959,3150
2959,3194
2959,3278
2959,3065
2959,3005
2959,3010
2959,3032
2959,3062
2959,3114
2959,3120
2959,3194
2959,3278
2964,3139
2964,3183
2964,3183
2964,2967
2964,3035
2964,3057
2964,3120
2964,3150
2964,3005
2964,3150
2964,2967
2964,3035
2964,2967
2964,3048
2964,3062
2964,3100
2964,3114
2964,3183
2964,3035
2964,3062
2964,3086
2964,3114
2964,3183
2964,3062
2967,3035
2967,3057
2967,3120
2967,3150
2967,3048
2967,3062
2967,3100
2967,3114
2967,3183
2980,3115
2980,3150
2980,3150
2980,3120
2980,3032
2980,3035
2980,3115
2980,3032
2980,3115
2980,3032
2980,3035
2980,3115
2980,3032
2980,3035
2980,3114
2980,3115
2980,3115
2980,3240
3005,3010
3005,3150
3005,3010
3005,3065
3005,3111
3005,3150
3005,3010
3005,3012
3005,3032
3005,3065
3005,3078
3005,3114
3005,3150
3005,3278
3005,3010
3005,3120
3005,3139
3005,3150
3005,3010
3005,3150
3005,3010
3005,3065
3005,3010
3005,3032
3005,3150
3005,3278
3005,3183
3005,3010
3005,3032
3005,3062
3005,3114
3005,3120
3005,3194
3005,3278
3010,3150
3010,3150
3010,3111
3010,3150
3010,3065
3010,3111
3010,3150
3010,3012
3010,3032
3010,3065
3010,3078
3010,3114
3010,3150
3010,3278
3010,3150
3010,3120
3010,3139
3010,3150
3010,3057
3010,3078
3010,3065
3010,3048
3010,3032
3010,3150
3010,3278
3010,3032
3010,3062
3010,3114
3010,3120
3010,3194
3010,3278
3012,3032
3012,3065
3012,3078
3012,3114
3012,3150
3012,3278
3012,3120
3012,3150
3017,3120
3017,3194
3017,3183
3017,3057
3017,3163
3017,3115
3017,3032
3017,3086
3017,3114
3032,3035
3032,3115
3032,3065
3032,3078
3032,3114
3032,3150
3032,3278
3032,3115
3032,3035
3032,3115
3032,3035
3032,3114
3032,3115
3032,3150
3032,3278
3032,3086
3032,3114
3032,3062
3032,3114
3032,3120
3032,3194
3032,3278
3035,3057
3035,3120
3035,3150
3035,3115
3035,3115
3035,3114
3035,3115
3035,3062
3035,3086
3035,3114
3035,3183
3039,3139
3039,3071
3048,3093
3048,3150
3048,3062
3048,3100
3048,3114
3048,3183
3048,3114
3057,3150
3057,3139
3057,3163
3057,3194
3057,3150
3057,3183
3057,3120
3057,3150
3057,3183
3062,3086
3062,3114
3062,3139
3062,3183
3062,3278
3062,3086
3062,3100
3062,3100
3062,3114
3062,3183
3062,3111
3062,3114
3062,3120
3062,3194
3062,3278
3062,3086
3062,3114
3062,3183
3065,3111
3065,3150
3065,3111
3065,3078
3065,3114
3065,3150
3065,3278
3065,3111
3071,3150
3078,3183
3078,3120
3078,3183
3078,3114
3078,3150
3078,3278
3078,3111
3086,3114
3086,3139
3086,3183
3086,3278
3086,3114
3086,3240
3086,3114
3086,3114
3086,3183
3093,3150
3100,3114
3100,3183
3111,3150
3111,3150
3114,3139
3114,3183
3114,3278
3114,3278
3114,3150
3114,3278
3114,3150
3114,3115
3114,3183
3114,3120
3114,3194
3114,3278
3114,3183
3115,3240
3120,3150
3120,3150
3120,3150
3120,3173
3120,3150
3120,3183
3120,3194
3120,3139
3120,3150
3120,3278
3120,3150
3120,3139
3120,3150
3120,3150
3120,3205
3120,3194
3120,3278
3120,3173
3120,3150
3139,3163
3139,3183
3139,3183
3139,3183
3139,3278
3139,3150
3139,3163
3139,3163
3139,3194
3139,3163
3150,3173
3150,3278
3150,3173
3150,3278
3163,3183
3163,3194
3166,3173
3166,3194
3166,3194
3166,3173
3173,3194
3176,3194
3183,3278
3194,3278
3194,3278
diary off
